2024/08/17-15:58:00.060137 7fd69d619700 RocksDB version: 6.15.2
2024/08/17-15:58:00.060565 7fd69d619700 Git sha rocksdb_build_git_sha:@0@
2024/08/17-15:58:00.060568 7fd69d619700 Compile date Apr  2 2022
2024/08/17-15:58:00.060636 7fd69d619700 DB SUMMARY
2024/08/17-15:58:00.060638 7fd69d619700 DB Session ID:  9YS2QS53F5NPD3C2C4TZ
2024/08/17-15:58:00.062432 7fd69d619700 CURRENT file:  CURRENT
2024/08/17-15:58:00.062439 7fd69d619700 IDENTITY file:  IDENTITY
2024/08/17-15:58:00.063120 7fd69d619700 MANIFEST file:  MANIFEST-000015 size: 275 Bytes
2024/08/17-15:58:00.063126 7fd69d619700 SST files in /var/lib/milvus/rdb_data_meta_kv dir, Total Num: 2, files: 000008.sst 000014.sst 
2024/08/17-15:58:00.063129 7fd69d619700 Write Ahead Log file in /var/lib/milvus/rdb_data_meta_kv: 000016.log size: 21342 ; 
2024/08/17-15:58:00.063132 7fd69d619700                         Options.error_if_exists: 0
2024/08/17-15:58:00.063134 7fd69d619700                       Options.create_if_missing: 1
2024/08/17-15:58:00.063136 7fd69d619700                         Options.paranoid_checks: 1
2024/08/17-15:58:00.063137 7fd69d619700                               Options.track_and_verify_wals_in_manifest: 0
2024/08/17-15:58:00.063139 7fd69d619700                                     Options.env: 0x480f820
2024/08/17-15:58:00.063141 7fd69d619700                                      Options.fs: Posix File System
2024/08/17-15:58:00.063142 7fd69d619700                                Options.info_log: 0x7fd684009b10
2024/08/17-15:58:00.063144 7fd69d619700                Options.max_file_opening_threads: 16
2024/08/17-15:58:00.063146 7fd69d619700                              Options.statistics: (nil)
2024/08/17-15:58:00.063148 7fd69d619700                               Options.use_fsync: 0
2024/08/17-15:58:00.063149 7fd69d619700                       Options.max_log_file_size: 0
2024/08/17-15:58:00.063151 7fd69d619700                  Options.max_manifest_file_size: 1073741824
2024/08/17-15:58:00.063152 7fd69d619700                   Options.log_file_time_to_roll: 0
2024/08/17-15:58:00.063154 7fd69d619700                       Options.keep_log_file_num: 1000
2024/08/17-15:58:00.063155 7fd69d619700                    Options.recycle_log_file_num: 0
2024/08/17-15:58:00.063157 7fd69d619700                         Options.allow_fallocate: 1
2024/08/17-15:58:00.063158 7fd69d619700                        Options.allow_mmap_reads: 0
2024/08/17-15:58:00.063160 7fd69d619700                       Options.allow_mmap_writes: 0
2024/08/17-15:58:00.063161 7fd69d619700                        Options.use_direct_reads: 0
2024/08/17-15:58:00.063162 7fd69d619700                        Options.use_direct_io_for_flush_and_compaction: 0
2024/08/17-15:58:00.063164 7fd69d619700          Options.create_missing_column_families: 0
2024/08/17-15:58:00.063166 7fd69d619700                              Options.db_log_dir: 
2024/08/17-15:58:00.063167 7fd69d619700                                 Options.wal_dir: /var/lib/milvus/rdb_data_meta_kv
2024/08/17-15:58:00.063169 7fd69d619700                Options.table_cache_numshardbits: 6
2024/08/17-15:58:00.063170 7fd69d619700                         Options.WAL_ttl_seconds: 0
2024/08/17-15:58:00.063171 7fd69d619700                       Options.WAL_size_limit_MB: 0
2024/08/17-15:58:00.063173 7fd69d619700                        Options.max_write_batch_group_size_bytes: 1048576
2024/08/17-15:58:00.063174 7fd69d619700             Options.manifest_preallocation_size: 4194304
2024/08/17-15:58:00.063176 7fd69d619700                     Options.is_fd_close_on_exec: 1
2024/08/17-15:58:00.063177 7fd69d619700                   Options.advise_random_on_open: 1
2024/08/17-15:58:00.063178 7fd69d619700                    Options.db_write_buffer_size: 0
2024/08/17-15:58:00.063180 7fd69d619700                    Options.write_buffer_manager: 0x7fd684009680
2024/08/17-15:58:00.063181 7fd69d619700         Options.access_hint_on_compaction_start: 1
2024/08/17-15:58:00.063183 7fd69d619700  Options.new_table_reader_for_compaction_inputs: 0
2024/08/17-15:58:00.063184 7fd69d619700           Options.random_access_max_buffer_size: 1048576
2024/08/17-15:58:00.063522 7fd69d619700                      Options.use_adaptive_mutex: 0
2024/08/17-15:58:00.063533 7fd69d619700                            Options.rate_limiter: (nil)
2024/08/17-15:58:00.063536 7fd69d619700     Options.sst_file_manager.rate_bytes_per_sec: 0
2024/08/17-15:58:00.063538 7fd69d619700                       Options.wal_recovery_mode: 2
2024/08/17-15:58:00.063539 7fd69d619700                  Options.enable_thread_tracking: 0
2024/08/17-15:58:00.063541 7fd69d619700                  Options.enable_pipelined_write: 0
2024/08/17-15:58:00.063542 7fd69d619700                  Options.unordered_write: 0
2024/08/17-15:58:00.063544 7fd69d619700         Options.allow_concurrent_memtable_write: 1
2024/08/17-15:58:00.063545 7fd69d619700      Options.enable_write_thread_adaptive_yield: 1
2024/08/17-15:58:00.063546 7fd69d619700             Options.write_thread_max_yield_usec: 100
2024/08/17-15:58:00.063548 7fd69d619700            Options.write_thread_slow_yield_usec: 3
2024/08/17-15:58:00.063549 7fd69d619700                               Options.row_cache: None
2024/08/17-15:58:00.063550 7fd69d619700                              Options.wal_filter: None
2024/08/17-15:58:00.063552 7fd69d619700             Options.avoid_flush_during_recovery: 0
2024/08/17-15:58:00.063553 7fd69d619700             Options.allow_ingest_behind: 0
2024/08/17-15:58:00.063554 7fd69d619700             Options.preserve_deletes: 0
2024/08/17-15:58:00.063556 7fd69d619700             Options.two_write_queues: 0
2024/08/17-15:58:00.063557 7fd69d619700             Options.manual_wal_flush: 0
2024/08/17-15:58:00.063558 7fd69d619700             Options.atomic_flush: 0
2024/08/17-15:58:00.063560 7fd69d619700             Options.avoid_unnecessary_blocking_io: 0
2024/08/17-15:58:00.063561 7fd69d619700                 Options.persist_stats_to_disk: 0
2024/08/17-15:58:00.063562 7fd69d619700                 Options.write_dbid_to_manifest: 0
2024/08/17-15:58:00.063564 7fd69d619700                 Options.log_readahead_size: 0
2024/08/17-15:58:00.063565 7fd69d619700                 Options.file_checksum_gen_factory: Unknown
2024/08/17-15:58:00.063567 7fd69d619700                 Options.best_efforts_recovery: 0
2024/08/17-15:58:00.063568 7fd69d619700                Options.max_bgerror_resume_count: 2147483647
2024/08/17-15:58:00.063570 7fd69d619700            Options.bgerror_resume_retry_interval: 1000000
2024/08/17-15:58:00.063571 7fd69d619700             Options.allow_data_in_errors: 0
2024/08/17-15:58:00.063572 7fd69d619700             Options.db_host_id: __hostname__
2024/08/17-15:58:00.063574 7fd69d619700             Options.max_background_jobs: 2
2024/08/17-15:58:00.063576 7fd69d619700             Options.max_background_compactions: -1
2024/08/17-15:58:00.063577 7fd69d619700             Options.max_subcompactions: 1
2024/08/17-15:58:00.063578 7fd69d619700             Options.avoid_flush_during_shutdown: 0
2024/08/17-15:58:00.063580 7fd69d619700           Options.writable_file_max_buffer_size: 1048576
2024/08/17-15:58:00.063581 7fd69d619700             Options.delayed_write_rate : 16777216
2024/08/17-15:58:00.063583 7fd69d619700             Options.max_total_wal_size: 0
2024/08/17-15:58:00.063584 7fd69d619700             Options.delete_obsolete_files_period_micros: 21600000000
2024/08/17-15:58:00.063585 7fd69d619700                   Options.stats_dump_period_sec: 600
2024/08/17-15:58:00.063587 7fd69d619700                 Options.stats_persist_period_sec: 600
2024/08/17-15:58:00.063588 7fd69d619700                 Options.stats_history_buffer_size: 1048576
2024/08/17-15:58:00.063590 7fd69d619700                          Options.max_open_files: -1
2024/08/17-15:58:00.063591 7fd69d619700                          Options.bytes_per_sync: 0
2024/08/17-15:58:00.063592 7fd69d619700                      Options.wal_bytes_per_sync: 0
2024/08/17-15:58:00.063594 7fd69d619700                   Options.strict_bytes_per_sync: 0
2024/08/17-15:58:00.063595 7fd69d619700       Options.compaction_readahead_size: 0
2024/08/17-15:58:00.063596 7fd69d619700                  Options.max_background_flushes: 1
2024/08/17-15:58:00.063789 7fd69d619700 Compression algorithms supported:
2024/08/17-15:58:00.063793 7fd69d619700 	kZSTDNotFinalCompression supported: 0
2024/08/17-15:58:00.063795 7fd69d619700 	kZSTD supported: 0
2024/08/17-15:58:00.063796 7fd69d619700 	kXpressCompression supported: 0
2024/08/17-15:58:00.063798 7fd69d619700 	kLZ4HCCompression supported: 0
2024/08/17-15:58:00.063799 7fd69d619700 	kLZ4Compression supported: 0
2024/08/17-15:58:00.063800 7fd69d619700 	kBZip2Compression supported: 0
2024/08/17-15:58:00.063802 7fd69d619700 	kZlibCompression supported: 0
2024/08/17-15:58:00.063803 7fd69d619700 	kSnappyCompression supported: 0
2024/08/17-15:58:00.063816 7fd69d619700 Fast CRC32 supported: Supported on x86
2024/08/17-15:58:00.070107 7fd69d619700 [db/version_set.cc:4725] Recovering from manifest file: /var/lib/milvus/rdb_data_meta_kv/MANIFEST-000015
2024/08/17-15:58:00.071938 7fd69d619700 [db/column_family.cc:597] --------------- Options for column family [default]:
2024/08/17-15:58:00.071955 7fd69d619700               Options.comparator: leveldb.BytewiseComparator
2024/08/17-15:58:00.071974 7fd69d619700           Options.merge_operator: None
2024/08/17-15:58:00.071977 7fd69d619700        Options.compaction_filter: None
2024/08/17-15:58:00.071978 7fd69d619700        Options.compaction_filter_factory: None
2024/08/17-15:58:00.071980 7fd69d619700  Options.sst_partitioner_factory: None
2024/08/17-15:58:00.071982 7fd69d619700         Options.memtable_factory: SkipListFactory
2024/08/17-15:58:00.071983 7fd69d619700            Options.table_factory: BlockBasedTable
2024/08/17-15:58:00.072028 7fd69d619700            table_factory options:   flush_block_policy_factory: FlushBlockBySizePolicyFactory (0x7fd68400a8d0)
  cache_index_and_filter_blocks: 0
  cache_index_and_filter_blocks_with_high_priority: 1
  pin_l0_filter_and_index_blocks_in_cache: 0
  pin_top_level_index_and_filter: 1
  index_type: 0
  data_block_index_type: 0
  index_shortening: 1
  data_block_hash_table_util_ratio: 0.750000
  hash_index_allow_collision: 1
  checksum: 1
  no_block_cache: 0
  block_cache: 0x7fd684000bf0
  block_cache_name: LRUCache
  block_cache_options:
    capacity : 1073741824
    num_shard_bits : 6
    strict_capacity_limit : 0
    memory_allocator : None
    high_pri_pool_ratio: 0.500
  block_cache_compressed: (nil)
  persistent_cache: (nil)
  block_size: 4096
  block_size_deviation: 10
  block_restart_interval: 16
  index_block_restart_interval: 1
  metadata_block_size: 4096
  partition_filters: 0
  use_delta_encoding: 1
  filter_policy: nullptr
  whole_key_filtering: 1
  verify_compression: 0
  read_amp_bytes_per_bit: 0
  format_version: 4
  enable_index_compression: 1
  block_align: 0
2024/08/17-15:58:00.072031 7fd69d619700        Options.write_buffer_size: 67108864
2024/08/17-15:58:00.072032 7fd69d619700  Options.max_write_buffer_number: 2
2024/08/17-15:58:00.072034 7fd69d619700          Options.compression: NoCompression
2024/08/17-15:58:00.072035 7fd69d619700                  Options.bottommost_compression: Disabled
2024/08/17-15:58:00.072037 7fd69d619700       Options.prefix_extractor: nullptr
2024/08/17-15:58:00.072038 7fd69d619700   Options.memtable_insert_with_hint_prefix_extractor: nullptr
2024/08/17-15:58:00.072039 7fd69d619700             Options.num_levels: 7
2024/08/17-15:58:00.072040 7fd69d619700        Options.min_write_buffer_number_to_merge: 1
2024/08/17-15:58:00.072042 7fd69d619700     Options.max_write_buffer_number_to_maintain: 0
2024/08/17-15:58:00.072043 7fd69d619700     Options.max_write_buffer_size_to_maintain: 0
2024/08/17-15:58:00.072044 7fd69d619700            Options.bottommost_compression_opts.window_bits: -14
2024/08/17-15:58:00.072045 7fd69d619700                  Options.bottommost_compression_opts.level: 32767
2024/08/17-15:58:00.072047 7fd69d619700               Options.bottommost_compression_opts.strategy: 0
2024/08/17-15:58:00.072048 7fd69d619700         Options.bottommost_compression_opts.max_dict_bytes: 0
2024/08/17-15:58:00.072049 7fd69d619700         Options.bottommost_compression_opts.zstd_max_train_bytes: 0
2024/08/17-15:58:00.072325 7fd69d619700         Options.bottommost_compression_opts.parallel_threads: 1
2024/08/17-15:58:00.072329 7fd69d619700                  Options.bottommost_compression_opts.enabled: false
2024/08/17-15:58:00.072331 7fd69d619700            Options.compression_opts.window_bits: -14
2024/08/17-15:58:00.072332 7fd69d619700                  Options.compression_opts.level: 32767
2024/08/17-15:58:00.072334 7fd69d619700               Options.compression_opts.strategy: 0
2024/08/17-15:58:00.072335 7fd69d619700         Options.compression_opts.max_dict_bytes: 0
2024/08/17-15:58:00.072336 7fd69d619700         Options.compression_opts.zstd_max_train_bytes: 0
2024/08/17-15:58:00.072338 7fd69d619700         Options.compression_opts.parallel_threads: 1
2024/08/17-15:58:00.072339 7fd69d619700                  Options.compression_opts.enabled: false
2024/08/17-15:58:00.072340 7fd69d619700      Options.level0_file_num_compaction_trigger: 4
2024/08/17-15:58:00.072341 7fd69d619700          Options.level0_slowdown_writes_trigger: 20
2024/08/17-15:58:00.072343 7fd69d619700              Options.level0_stop_writes_trigger: 36
2024/08/17-15:58:00.072344 7fd69d619700                   Options.target_file_size_base: 67108864
2024/08/17-15:58:00.072345 7fd69d619700             Options.target_file_size_multiplier: 1
2024/08/17-15:58:00.072347 7fd69d619700                Options.max_bytes_for_level_base: 268435456
2024/08/17-15:58:00.072348 7fd69d619700 Options.level_compaction_dynamic_level_bytes: 0
2024/08/17-15:58:00.072349 7fd69d619700          Options.max_bytes_for_level_multiplier: 10.000000
2024/08/17-15:58:00.072352 7fd69d619700 Options.max_bytes_for_level_multiplier_addtl[0]: 1
2024/08/17-15:58:00.072354 7fd69d619700 Options.max_bytes_for_level_multiplier_addtl[1]: 1
2024/08/17-15:58:00.072355 7fd69d619700 Options.max_bytes_for_level_multiplier_addtl[2]: 1
2024/08/17-15:58:00.072356 7fd69d619700 Options.max_bytes_for_level_multiplier_addtl[3]: 1
2024/08/17-15:58:00.072358 7fd69d619700 Options.max_bytes_for_level_multiplier_addtl[4]: 1
2024/08/17-15:58:00.072359 7fd69d619700 Options.max_bytes_for_level_multiplier_addtl[5]: 1
2024/08/17-15:58:00.072360 7fd69d619700 Options.max_bytes_for_level_multiplier_addtl[6]: 1
2024/08/17-15:58:00.072361 7fd69d619700       Options.max_sequential_skip_in_iterations: 8
2024/08/17-15:58:00.072363 7fd69d619700                    Options.max_compaction_bytes: 1677721600
2024/08/17-15:58:00.072364 7fd69d619700                        Options.arena_block_size: 8388608
2024/08/17-15:58:00.072365 7fd69d619700   Options.soft_pending_compaction_bytes_limit: 68719476736
2024/08/17-15:58:00.072366 7fd69d619700   Options.hard_pending_compaction_bytes_limit: 274877906944
2024/08/17-15:58:00.072367 7fd69d619700       Options.rate_limit_delay_max_milliseconds: 100
2024/08/17-15:58:00.072369 7fd69d619700                Options.disable_auto_compactions: 0
2024/08/17-15:58:00.072372 7fd69d619700                        Options.compaction_style: kCompactionStyleLevel
2024/08/17-15:58:00.072374 7fd69d619700                          Options.compaction_pri: kMinOverlappingRatio
2024/08/17-15:58:00.072375 7fd69d619700 Options.compaction_options_universal.size_ratio: 1
2024/08/17-15:58:00.072376 7fd69d619700 Options.compaction_options_universal.min_merge_width: 2
2024/08/17-15:58:00.072377 7fd69d619700 Options.compaction_options_universal.max_merge_width: 4294967295
2024/08/17-15:58:00.072378 7fd69d619700 Options.compaction_options_universal.max_size_amplification_percent: 200
2024/08/17-15:58:00.072379 7fd69d619700 Options.compaction_options_universal.compression_size_percent: -1
2024/08/17-15:58:00.072381 7fd69d619700 Options.compaction_options_universal.stop_style: kCompactionStopStyleTotalSize
2024/08/17-15:58:00.072382 7fd69d619700 Options.compaction_options_fifo.max_table_files_size: 1073741824
2024/08/17-15:58:00.072383 7fd69d619700 Options.compaction_options_fifo.allow_compaction: 0
2024/08/17-15:58:00.072394 7fd69d619700                   Options.table_properties_collectors: 
2024/08/17-15:58:00.072634 7fd69d619700                   Options.inplace_update_support: 0
2024/08/17-15:58:00.072638 7fd69d619700                 Options.inplace_update_num_locks: 10000
2024/08/17-15:58:00.072640 7fd69d619700               Options.memtable_prefix_bloom_size_ratio: 0.000000
2024/08/17-15:58:00.072643 7fd69d619700               Options.memtable_whole_key_filtering: 0
2024/08/17-15:58:00.072644 7fd69d619700   Options.memtable_huge_page_size: 0
2024/08/17-15:58:00.072645 7fd69d619700                           Options.bloom_locality: 0
2024/08/17-15:58:00.072647 7fd69d619700                    Options.max_successive_merges: 0
2024/08/17-15:58:00.072648 7fd69d619700                Options.optimize_filters_for_hits: 0
2024/08/17-15:58:00.072649 7fd69d619700                Options.paranoid_file_checks: 0
2024/08/17-15:58:00.072650 7fd69d619700                Options.force_consistency_checks: 1
2024/08/17-15:58:00.072651 7fd69d619700                Options.report_bg_io_stats: 0
2024/08/17-15:58:00.072653 7fd69d619700                               Options.ttl: 2592000
2024/08/17-15:58:00.072654 7fd69d619700          Options.periodic_compaction_seconds: 0
2024/08/17-15:58:00.072655 7fd69d619700                    Options.enable_blob_files: false
2024/08/17-15:58:00.072656 7fd69d619700                        Options.min_blob_size: 0
2024/08/17-15:58:00.072657 7fd69d619700                       Options.blob_file_size: 268435456
2024/08/17-15:58:00.072659 7fd69d619700                Options.blob_compression_type: NoCompression
2024/08/17-15:58:00.072660 7fd69d619700       Options.enable_blob_garbage_collection: false
2024/08/17-15:58:00.072661 7fd69d619700   Options.blob_garbage_collection_age_cutoff: 0.250000
2024/08/17-15:58:00.077141 7fd69d619700 [db/version_set.cc:4773] Recovered from manifest file:/var/lib/milvus/rdb_data_meta_kv/MANIFEST-000015 succeeded,manifest_file_number is 15, next_file_number is 17, last_sequence is 66632, log_number is 11,prev_log_number is 0,max_column_family is 0,min_log_number_to_keep is 0
2024/08/17-15:58:00.077155 7fd69d619700 [db/version_set.cc:4782] Column family [default] (ID 0), log number is 11
2024/08/17-15:58:00.081164 7fd69d619700 [db/version_set.cc:4083] Creating manifest 19
2024/08/17-15:58:00.094743 7fd69d619700 EVENT_LOG_v1 {"time_micros": 1723910280094733, "job": 1, "event": "recovery_started", "wal_files": [16]}
2024/08/17-15:58:00.094749 7fd69d619700 [db/db_impl/db_impl_open.cc:847] Recovering log #16 mode 2
2024/08/17-15:58:00.107914 7fd69d619700 EVENT_LOG_v1 {"time_micros": 1723910280107868, "cf_name": "default", "job": 1, "event": "table_file_creation", "file_number": 20, "file_size": 965, "file_checksum": "", "file_checksum_func_name": "Unknown", "table_properties": {"data_size": 94, "index_size": 23, "index_partitions": 0, "top_level_index_size": 0, "index_key_is_user_key": 1, "index_value_is_delta_encoded": 1, "filter_size": 0, "raw_key_size": 60, "raw_average_key_size": 30, "raw_value_size": 15, "raw_average_value_size": 7, "num_data_blocks": 1, "num_entries": 2, "num_deletions": 0, "num_merge_operands": 0, "num_range_deletions": 0, "format_version": 0, "fixed_key_len": 0, "filter_policy": "", "column_family_name": "default", "column_family_id": 0, "comparator": "leveldb.BytewiseComparator", "merge_operator": "nullptr", "prefix_extractor_name": "nullptr", "property_collectors": "[]", "compression": "NoCompression", "compression_options": "window_bits=-14; level=32767; strategy=0; max_dict_bytes=0; zstd_max_train_bytes=0; enabled=0; ", "creation_time": 1723910280, "oldest_key_time": 0, "file_creation_time": 0, "db_id": "c94d4965-e221-448e-a1a7-abf94f4ae4ae", "db_session_id": "9YS2QS53F5NPD3C2C4TZ"}}
2024/08/17-15:58:00.108217 7fd69d619700 [db/version_set.cc:4083] Creating manifest 21
2024/08/17-15:58:00.122211 7fd69d619700 EVENT_LOG_v1 {"time_micros": 1723910280122206, "job": 1, "event": "recovery_finished"}
2024/08/17-15:58:00.128457 7fd69d619700 [file/delete_scheduler.cc:73] Deleted file /var/lib/milvus/rdb_data_meta_kv/000016.log immediately, rate_bytes_per_sec 0, total_trash_size 0 max_trash_db_ratio 0.250000
2024/08/17-15:58:00.140618 7fd69d619700 [db/db_impl/db_impl_open.cc:1701] SstFileManager instance 0x7fd68400a990
2024/08/17-15:58:00.142139 7fd69d619700 DB pointer 0x7fd68400ba10
2024/08/17-15:58:00.142654 7fd6557fa700 [db/db_impl/db_impl.cc:902] ------- DUMPING STATS -------
2024/08/17-15:58:00.142673 7fd6557fa700 [db/db_impl/db_impl.cc:903] 
** DB Stats **
Uptime(secs): 0.1 total, 0.1 interval
Cumulative writes: 0 writes, 0 keys, 0 commit groups, 0.0 writes per commit group, ingest: 0.00 GB, 0.00 MB/s
Cumulative WAL: 0 writes, 0 syncs, 0.00 writes per sync, written: 0.00 GB, 0.00 MB/s
Cumulative stall: 00:00:0.000 H:M:S, 0.0 percent
Interval writes: 0 writes, 0 keys, 0 commit groups, 0.0 writes per commit group, ingest: 0.00 MB, 0.00 MB/s
Interval WAL: 0 writes, 0 syncs, 0.00 writes per sync, written: 0.00 MB, 0.00 MB/s
Interval stall: 00:00:0.000 H:M:S, 0.0 percent

** Compaction Stats [default] **
Level    Files   Size     Score Read(GB)  Rn(GB) Rnp1(GB) Write(GB) Wnew(GB) Moved(GB) W-Amp Rd(MB/s) Wr(MB/s) Comp(sec) CompMergeCPU(sec) Comp(cnt) Avg(sec) KeyIn KeyDrop
----------------------------------------------------------------------------------------------------------------------------------------------------------------------------
  L0      3/0    2.91 KB   0.8      0.0     0.0      0.0       0.0      0.0       0.0   1.0      0.0      0.1      0.01              0.00         1    0.012       0      0
 Sum      3/0    2.91 KB   0.0      0.0     0.0      0.0       0.0      0.0       0.0   1.0      0.0      0.1      0.01              0.00         1    0.012       0      0
 Int      0/0    0.00 KB   0.0      0.0     0.0      0.0       0.0      0.0       0.0   1.0      0.0      0.1      0.01              0.00         1    0.012       0      0

** Compaction Stats [default] **
Priority    Files   Size     Score Read(GB)  Rn(GB) Rnp1(GB) Write(GB) Wnew(GB) Moved(GB) W-Amp Rd(MB/s) Wr(MB/s) Comp(sec) CompMergeCPU(sec) Comp(cnt) Avg(sec) KeyIn KeyDrop
-------------------------------------------------------------------------------------------------------------------------------------------------------------------------------
User      0/0    0.00 KB   0.0      0.0     0.0      0.0       0.0      0.0       0.0   0.0      0.0      0.1      0.01              0.00         1    0.012       0      0
Uptime(secs): 0.1 total, 0.1 interval
Flush(GB): cumulative 0.000, interval 0.000
AddFile(GB): cumulative 0.000, interval 0.000
AddFile(Total Files): cumulative 0, interval 0
AddFile(L0 Files): cumulative 0, interval 0
AddFile(Keys): cumulative 0, interval 0
Cumulative compaction: 0.00 GB write, 0.01 MB/s write, 0.00 GB read, 0.00 MB/s read, 0.0 seconds
Interval compaction: 0.00 GB write, 0.01 MB/s write, 0.00 GB read, 0.00 MB/s read, 0.0 seconds
Stalls(count): 0 level0_slowdown, 0 level0_slowdown_with_compaction, 0 level0_numfiles, 0 level0_numfiles_with_compaction, 0 stop for pending_compaction_bytes, 0 slowdown for pending_compaction_bytes, 0 memtable_compaction, 0 memtable_slowdown, interval 0 total count

** File Read Latency Histogram By Level [default] **

** Compaction Stats [default] **
Level    Files   Size     Score Read(GB)  Rn(GB) Rnp1(GB) Write(GB) Wnew(GB) Moved(GB) W-Amp Rd(MB/s) Wr(MB/s) Comp(sec) CompMergeCPU(sec) Comp(cnt) Avg(sec) KeyIn KeyDrop
----------------------------------------------------------------------------------------------------------------------------------------------------------------------------
  L0      3/0    2.91 KB   0.8      0.0     0.0      0.0       0.0      0.0       0.0   1.0      0.0      0.1      0.01              0.00         1    0.012       0      0
 Sum      3/0    2.91 KB   0.0      0.0     0.0      0.0       0.0      0.0       0.0   1.0      0.0      0.1      0.01              0.00         1    0.012       0      0
 Int      0/0    0.00 KB   0.0      0.0     0.0      0.0       0.0      0.0       0.0   0.0      0.0      0.0      0.00              0.00         0    0.000       0      0

** Compaction Stats [default] **
Priority    Files   Size     Score Read(GB)  Rn(GB) Rnp1(GB) Write(GB) Wnew(GB) Moved(GB) W-Amp Rd(MB/s) Wr(MB/s) Comp(sec) CompMergeCPU(sec) Comp(cnt) Avg(sec) KeyIn KeyDrop
-------------------------------------------------------------------------------------------------------------------------------------------------------------------------------
User      0/0    0.00 KB   0.0      0.0     0.0      0.0       0.0      0.0       0.0   0.0      0.0      0.1      0.01              0.00         1    0.012       0      0
Uptime(secs): 0.1 total, 0.0 interval
Flush(GB): cumulative 0.000, interval 0.000
AddFile(GB): cumulative 0.000, interval 0.000
AddFile(Total Files): cumulative 0, interval 0
AddFile(L0 Files): cumulative 0, interval 0
AddFile(Keys): cumulative 0, interval 0
Cumulative compaction: 0.00 GB write, 0.01 MB/s write, 0.00 GB read, 0.00 MB/s read, 0.0 seconds
Interval compaction: 0.00 GB write, 0.00 MB/s write, 0.00 GB read, 0.00 MB/s read, 0.0 seconds
Stalls(count): 0 level0_slowdown, 0 level0_slowdown_with_compaction, 0 level0_numfiles, 0 level0_numfiles_with_compaction, 0 stop for pending_compaction_bytes, 0 slowdown for pending_compaction_bytes, 0 memtable_compaction, 0 memtable_slowdown, interval 0 total count

** File Read Latency Histogram By Level [default] **
2024/08/17-16:08:00.143121 7fd6557fa700 [db/db_impl/db_impl.cc:902] ------- DUMPING STATS -------
2024/08/17-16:08:00.143383 7fd6557fa700 [db/db_impl/db_impl.cc:903] 
** DB Stats **
Uptime(secs): 600.1 total, 600.0 interval
Cumulative writes: 2999 writes, 2999 keys, 2999 commit groups, 1.0 writes per commit group, ingest: 0.00 GB, 0.00 MB/s
Cumulative WAL: 2999 writes, 0 syncs, 2999.00 writes per sync, written: 0.00 GB, 0.00 MB/s
Cumulative stall: 00:00:0.000 H:M:S, 0.0 percent
Interval writes: 2999 writes, 2999 keys, 2999 commit groups, 1.0 writes per commit group, ingest: 0.17 MB, 0.00 MB/s
Interval WAL: 2999 writes, 0 syncs, 2999.00 writes per sync, written: 0.00 MB, 0.00 MB/s
Interval stall: 00:00:0.000 H:M:S, 0.0 percent

** Compaction Stats [default] **
Level    Files   Size     Score Read(GB)  Rn(GB) Rnp1(GB) Write(GB) Wnew(GB) Moved(GB) W-Amp Rd(MB/s) Wr(MB/s) Comp(sec) CompMergeCPU(sec) Comp(cnt) Avg(sec) KeyIn KeyDrop
----------------------------------------------------------------------------------------------------------------------------------------------------------------------------
  L0      3/0    2.91 KB   0.8      0.0     0.0      0.0       0.0      0.0       0.0   1.0      0.0      0.1      0.01              0.00         1    0.012       0      0
 Sum      3/0    2.91 KB   0.0      0.0     0.0      0.0       0.0      0.0       0.0   1.0      0.0      0.1      0.01              0.00         1    0.012       0      0
 Int      0/0    0.00 KB   0.0      0.0     0.0      0.0       0.0      0.0       0.0   0.0      0.0      0.0      0.00              0.00         0    0.000       0      0

** Compaction Stats [default] **
Priority    Files   Size     Score Read(GB)  Rn(GB) Rnp1(GB) Write(GB) Wnew(GB) Moved(GB) W-Amp Rd(MB/s) Wr(MB/s) Comp(sec) CompMergeCPU(sec) Comp(cnt) Avg(sec) KeyIn KeyDrop
-------------------------------------------------------------------------------------------------------------------------------------------------------------------------------
User      0/0    0.00 KB   0.0      0.0     0.0      0.0       0.0      0.0       0.0   0.0      0.0      0.1      0.01              0.00         1    0.012       0      0
Uptime(secs): 600.1 total, 600.0 interval
Flush(GB): cumulative 0.000, interval 0.000
AddFile(GB): cumulative 0.000, interval 0.000
AddFile(Total Files): cumulative 0, interval 0
AddFile(L0 Files): cumulative 0, interval 0
AddFile(Keys): cumulative 0, interval 0
Cumulative compaction: 0.00 GB write, 0.00 MB/s write, 0.00 GB read, 0.00 MB/s read, 0.0 seconds
Interval compaction: 0.00 GB write, 0.00 MB/s write, 0.00 GB read, 0.00 MB/s read, 0.0 seconds
Stalls(count): 0 level0_slowdown, 0 level0_slowdown_with_compaction, 0 level0_numfiles, 0 level0_numfiles_with_compaction, 0 stop for pending_compaction_bytes, 0 slowdown for pending_compaction_bytes, 0 memtable_compaction, 0 memtable_slowdown, interval 0 total count

** File Read Latency Histogram By Level [default] **

** Compaction Stats [default] **
Level    Files   Size     Score Read(GB)  Rn(GB) Rnp1(GB) Write(GB) Wnew(GB) Moved(GB) W-Amp Rd(MB/s) Wr(MB/s) Comp(sec) CompMergeCPU(sec) Comp(cnt) Avg(sec) KeyIn KeyDrop
----------------------------------------------------------------------------------------------------------------------------------------------------------------------------
  L0      3/0    2.91 KB   0.8      0.0     0.0      0.0       0.0      0.0       0.0   1.0      0.0      0.1      0.01              0.00         1    0.012       0      0
 Sum      3/0    2.91 KB   0.0      0.0     0.0      0.0       0.0      0.0       0.0   1.0      0.0      0.1      0.01              0.00         1    0.012       0      0
 Int      0/0    0.00 KB   0.0      0.0     0.0      0.0       0.0      0.0       0.0   0.0      0.0      0.0      0.00              0.00         0    0.000       0      0

** Compaction Stats [default] **
Priority    Files   Size     Score Read(GB)  Rn(GB) Rnp1(GB) Write(GB) Wnew(GB) Moved(GB) W-Amp Rd(MB/s) Wr(MB/s) Comp(sec) CompMergeCPU(sec) Comp(cnt) Avg(sec) KeyIn KeyDrop
-------------------------------------------------------------------------------------------------------------------------------------------------------------------------------
User      0/0    0.00 KB   0.0      0.0     0.0      0.0       0.0      0.0       0.0   0.0      0.0      0.1      0.01              0.00         1    0.012       0      0
Uptime(secs): 600.1 total, 0.0 interval
Flush(GB): cumulative 0.000, interval 0.000
AddFile(GB): cumulative 0.000, interval 0.000
AddFile(Total Files): cumulative 0, interval 0
AddFile(L0 Files): cumulative 0, interval 0
AddFile(Keys): cumulative 0, interval 0
Cumulative compaction: 0.00 GB write, 0.00 MB/s write, 0.00 GB read, 0.00 MB/s read, 0.0 seconds
Interval compaction: 0.00 GB write, 0.00 MB/s write, 0.00 GB read, 0.00 MB/s read, 0.0 seconds
Stalls(count): 0 level0_slowdown, 0 level0_slowdown_with_compaction, 0 level0_numfiles, 0 level0_numfiles_with_compaction, 0 stop for pending_compaction_bytes, 0 slowdown for pending_compaction_bytes, 0 memtable_compaction, 0 memtable_slowdown, interval 0 total count

** File Read Latency Histogram By Level [default] **
2024/08/17-16:12:19.704535 7fd6a48eb700 [db/db_impl/db_impl.cc:447] Shutdown: canceling all background work
2024/08/17-16:12:19.710121 7fd6a48eb700 [db/db_impl/db_impl.cc:625] Shutdown complete
