2024/08/17-15:58:00.149829 7fd69d619700 RocksDB version: 6.15.2
2024/08/17-15:58:00.150288 7fd69d619700 Git sha rocksdb_build_git_sha:@0@
2024/08/17-15:58:00.150292 7fd69d619700 Compile date Apr  2 2022
2024/08/17-15:58:00.150352 7fd69d619700 DB SUMMARY
2024/08/17-15:58:00.150353 7fd69d619700 DB Session ID:  7PQR9SJQ6GM80KBB62QJ
2024/08/17-15:58:00.152361 7fd69d619700 CURRENT file:  CURRENT
2024/08/17-15:58:00.152364 7fd69d619700 IDENTITY file:  IDENTITY
2024/08/17-15:58:00.153114 7fd69d619700 MANIFEST file:  MANIFEST-000015 size: 338 Bytes
2024/08/17-15:58:00.153131 7fd69d619700 SST files in /var/lib/milvus/rdb_data dir, Total Num: 2, files: 000008.sst 000014.sst 
2024/08/17-15:58:00.153134 7fd69d619700 Write Ahead Log file in /var/lib/milvus/rdb_data: 000016.log size: 26394 ; 
2024/08/17-15:58:00.153137 7fd69d619700                         Options.error_if_exists: 0
2024/08/17-15:58:00.153140 7fd69d619700                       Options.create_if_missing: 1
2024/08/17-15:58:00.153141 7fd69d619700                         Options.paranoid_checks: 1
2024/08/17-15:58:00.153142 7fd69d619700                               Options.track_and_verify_wals_in_manifest: 0
2024/08/17-15:58:00.153144 7fd69d619700                                     Options.env: 0x480f820
2024/08/17-15:58:00.153145 7fd69d619700                                      Options.fs: Posix File System
2024/08/17-15:58:00.153147 7fd69d619700                                Options.info_log: 0x7fd6840eaa80
2024/08/17-15:58:00.153148 7fd69d619700                Options.max_file_opening_threads: 16
2024/08/17-15:58:00.153150 7fd69d619700                              Options.statistics: (nil)
2024/08/17-15:58:00.153151 7fd69d619700                               Options.use_fsync: 0
2024/08/17-15:58:00.153153 7fd69d619700                       Options.max_log_file_size: 0
2024/08/17-15:58:00.153154 7fd69d619700                  Options.max_manifest_file_size: 1073741824
2024/08/17-15:58:00.153155 7fd69d619700                   Options.log_file_time_to_roll: 0
2024/08/17-15:58:00.153156 7fd69d619700                       Options.keep_log_file_num: 1000
2024/08/17-15:58:00.153157 7fd69d619700                    Options.recycle_log_file_num: 0
2024/08/17-15:58:00.153159 7fd69d619700                         Options.allow_fallocate: 1
2024/08/17-15:58:00.153160 7fd69d619700                        Options.allow_mmap_reads: 0
2024/08/17-15:58:00.153161 7fd69d619700                       Options.allow_mmap_writes: 0
2024/08/17-15:58:00.153162 7fd69d619700                        Options.use_direct_reads: 0
2024/08/17-15:58:00.153163 7fd69d619700                        Options.use_direct_io_for_flush_and_compaction: 0
2024/08/17-15:58:00.153165 7fd69d619700          Options.create_missing_column_families: 0
2024/08/17-15:58:00.153166 7fd69d619700                              Options.db_log_dir: 
2024/08/17-15:58:00.153167 7fd69d619700                                 Options.wal_dir: /var/lib/milvus/rdb_data
2024/08/17-15:58:00.153168 7fd69d619700                Options.table_cache_numshardbits: 6
2024/08/17-15:58:00.153169 7fd69d619700                         Options.WAL_ttl_seconds: 0
2024/08/17-15:58:00.153170 7fd69d619700                       Options.WAL_size_limit_MB: 0
2024/08/17-15:58:00.153172 7fd69d619700                        Options.max_write_batch_group_size_bytes: 1048576
2024/08/17-15:58:00.153173 7fd69d619700             Options.manifest_preallocation_size: 4194304
2024/08/17-15:58:00.153174 7fd69d619700                     Options.is_fd_close_on_exec: 1
2024/08/17-15:58:00.153175 7fd69d619700                   Options.advise_random_on_open: 1
2024/08/17-15:58:00.153176 7fd69d619700                    Options.db_write_buffer_size: 0
2024/08/17-15:58:00.153178 7fd69d619700                    Options.write_buffer_manager: 0x7fd6840e3bd0
2024/08/17-15:58:00.153179 7fd69d619700         Options.access_hint_on_compaction_start: 1
2024/08/17-15:58:00.153180 7fd69d619700  Options.new_table_reader_for_compaction_inputs: 0
2024/08/17-15:58:00.153182 7fd69d619700           Options.random_access_max_buffer_size: 1048576
2024/08/17-15:58:00.153183 7fd69d619700                      Options.use_adaptive_mutex: 0
2024/08/17-15:58:00.153590 7fd69d619700                            Options.rate_limiter: (nil)
2024/08/17-15:58:00.153595 7fd69d619700     Options.sst_file_manager.rate_bytes_per_sec: 0
2024/08/17-15:58:00.153597 7fd69d619700                       Options.wal_recovery_mode: 2
2024/08/17-15:58:00.153598 7fd69d619700                  Options.enable_thread_tracking: 0
2024/08/17-15:58:00.153599 7fd69d619700                  Options.enable_pipelined_write: 0
2024/08/17-15:58:00.153600 7fd69d619700                  Options.unordered_write: 0
2024/08/17-15:58:00.153601 7fd69d619700         Options.allow_concurrent_memtable_write: 1
2024/08/17-15:58:00.153602 7fd69d619700      Options.enable_write_thread_adaptive_yield: 1
2024/08/17-15:58:00.153603 7fd69d619700             Options.write_thread_max_yield_usec: 100
2024/08/17-15:58:00.153605 7fd69d619700            Options.write_thread_slow_yield_usec: 3
2024/08/17-15:58:00.153606 7fd69d619700                               Options.row_cache: None
2024/08/17-15:58:00.153607 7fd69d619700                              Options.wal_filter: None
2024/08/17-15:58:00.153608 7fd69d619700             Options.avoid_flush_during_recovery: 0
2024/08/17-15:58:00.153609 7fd69d619700             Options.allow_ingest_behind: 0
2024/08/17-15:58:00.153610 7fd69d619700             Options.preserve_deletes: 0
2024/08/17-15:58:00.153611 7fd69d619700             Options.two_write_queues: 0
2024/08/17-15:58:00.153612 7fd69d619700             Options.manual_wal_flush: 0
2024/08/17-15:58:00.153613 7fd69d619700             Options.atomic_flush: 0
2024/08/17-15:58:00.153615 7fd69d619700             Options.avoid_unnecessary_blocking_io: 0
2024/08/17-15:58:00.153616 7fd69d619700                 Options.persist_stats_to_disk: 0
2024/08/17-15:58:00.153617 7fd69d619700                 Options.write_dbid_to_manifest: 0
2024/08/17-15:58:00.153618 7fd69d619700                 Options.log_readahead_size: 0
2024/08/17-15:58:00.153619 7fd69d619700                 Options.file_checksum_gen_factory: Unknown
2024/08/17-15:58:00.153620 7fd69d619700                 Options.best_efforts_recovery: 0
2024/08/17-15:58:00.153621 7fd69d619700                Options.max_bgerror_resume_count: 2147483647
2024/08/17-15:58:00.153622 7fd69d619700            Options.bgerror_resume_retry_interval: 1000000
2024/08/17-15:58:00.153624 7fd69d619700             Options.allow_data_in_errors: 0
2024/08/17-15:58:00.153626 7fd69d619700             Options.db_host_id: __hostname__
2024/08/17-15:58:00.153628 7fd69d619700             Options.max_background_jobs: 2
2024/08/17-15:58:00.153629 7fd69d619700             Options.max_background_compactions: -1
2024/08/17-15:58:00.153630 7fd69d619700             Options.max_subcompactions: 1
2024/08/17-15:58:00.153632 7fd69d619700             Options.avoid_flush_during_shutdown: 0
2024/08/17-15:58:00.153633 7fd69d619700           Options.writable_file_max_buffer_size: 1048576
2024/08/17-15:58:00.153634 7fd69d619700             Options.delayed_write_rate : 16777216
2024/08/17-15:58:00.153635 7fd69d619700             Options.max_total_wal_size: 0
2024/08/17-15:58:00.153637 7fd69d619700             Options.delete_obsolete_files_period_micros: 21600000000
2024/08/17-15:58:00.153638 7fd69d619700                   Options.stats_dump_period_sec: 600
2024/08/17-15:58:00.153639 7fd69d619700                 Options.stats_persist_period_sec: 600
2024/08/17-15:58:00.153640 7fd69d619700                 Options.stats_history_buffer_size: 1048576
2024/08/17-15:58:00.153642 7fd69d619700                          Options.max_open_files: -1
2024/08/17-15:58:00.153643 7fd69d619700                          Options.bytes_per_sync: 0
2024/08/17-15:58:00.153644 7fd69d619700                      Options.wal_bytes_per_sync: 0
2024/08/17-15:58:00.153645 7fd69d619700                   Options.strict_bytes_per_sync: 0
2024/08/17-15:58:00.153646 7fd69d619700       Options.compaction_readahead_size: 0
2024/08/17-15:58:00.153648 7fd69d619700                  Options.max_background_flushes: 1
2024/08/17-15:58:00.154026 7fd69d619700 Compression algorithms supported:
2024/08/17-15:58:00.154030 7fd69d619700 	kZSTDNotFinalCompression supported: 0
2024/08/17-15:58:00.154032 7fd69d619700 	kZSTD supported: 0
2024/08/17-15:58:00.154033 7fd69d619700 	kXpressCompression supported: 0
2024/08/17-15:58:00.154035 7fd69d619700 	kLZ4HCCompression supported: 0
2024/08/17-15:58:00.154036 7fd69d619700 	kLZ4Compression supported: 0
2024/08/17-15:58:00.154038 7fd69d619700 	kBZip2Compression supported: 0
2024/08/17-15:58:00.154039 7fd69d619700 	kZlibCompression supported: 0
2024/08/17-15:58:00.154041 7fd69d619700 	kSnappyCompression supported: 0
2024/08/17-15:58:00.154050 7fd69d619700 Fast CRC32 supported: Supported on x86
2024/08/17-15:58:00.160248 7fd69d619700 [db/version_set.cc:4725] Recovering from manifest file: /var/lib/milvus/rdb_data/MANIFEST-000015
2024/08/17-15:58:00.161561 7fd69d619700 [db/column_family.cc:597] --------------- Options for column family [default]:
2024/08/17-15:58:00.161574 7fd69d619700               Options.comparator: leveldb.BytewiseComparator
2024/08/17-15:58:00.161577 7fd69d619700           Options.merge_operator: None
2024/08/17-15:58:00.161578 7fd69d619700        Options.compaction_filter: None
2024/08/17-15:58:00.161579 7fd69d619700        Options.compaction_filter_factory: None
2024/08/17-15:58:00.161581 7fd69d619700  Options.sst_partitioner_factory: None
2024/08/17-15:58:00.161583 7fd69d619700         Options.memtable_factory: SkipListFactory
2024/08/17-15:58:00.161584 7fd69d619700            Options.table_factory: BlockBasedTable
2024/08/17-15:58:00.161617 7fd69d619700            table_factory options:   flush_block_policy_factory: FlushBlockBySizePolicyFactory (0x7fd68402ed30)
  cache_index_and_filter_blocks: 0
  cache_index_and_filter_blocks_with_high_priority: 1
  pin_l0_filter_and_index_blocks_in_cache: 0
  pin_top_level_index_and_filter: 1
  index_type: 0
  data_block_index_type: 0
  index_shortening: 1
  data_block_hash_table_util_ratio: 0.750000
  hash_index_allow_collision: 1
  checksum: 1
  no_block_cache: 0
  block_cache: 0x7fd684000bf0
  block_cache_name: LRUCache
  block_cache_options:
    capacity : 1073741824
    num_shard_bits : 6
    strict_capacity_limit : 0
    memory_allocator : None
    high_pri_pool_ratio: 0.500
  block_cache_compressed: (nil)
  persistent_cache: (nil)
  block_size: 4096
  block_size_deviation: 10
  block_restart_interval: 16
  index_block_restart_interval: 1
  metadata_block_size: 4096
  partition_filters: 0
  use_delta_encoding: 1
  filter_policy: nullptr
  whole_key_filtering: 1
  verify_compression: 0
  read_amp_bytes_per_bit: 0
  format_version: 4
  enable_index_compression: 1
  block_align: 0
2024/08/17-15:58:00.161619 7fd69d619700        Options.write_buffer_size: 67108864
2024/08/17-15:58:00.161621 7fd69d619700  Options.max_write_buffer_number: 2
2024/08/17-15:58:00.161622 7fd69d619700          Options.compression: NoCompression
2024/08/17-15:58:00.161624 7fd69d619700                  Options.bottommost_compression: Disabled
2024/08/17-15:58:00.161625 7fd69d619700       Options.prefix_extractor: nullptr
2024/08/17-15:58:00.161626 7fd69d619700   Options.memtable_insert_with_hint_prefix_extractor: nullptr
2024/08/17-15:58:00.161627 7fd69d619700             Options.num_levels: 7
2024/08/17-15:58:00.161628 7fd69d619700        Options.min_write_buffer_number_to_merge: 1
2024/08/17-15:58:00.161629 7fd69d619700     Options.max_write_buffer_number_to_maintain: 0
2024/08/17-15:58:00.161631 7fd69d619700     Options.max_write_buffer_size_to_maintain: 0
2024/08/17-15:58:00.161632 7fd69d619700            Options.bottommost_compression_opts.window_bits: -14
2024/08/17-15:58:00.161633 7fd69d619700                  Options.bottommost_compression_opts.level: 32767
2024/08/17-15:58:00.161634 7fd69d619700               Options.bottommost_compression_opts.strategy: 0
2024/08/17-15:58:00.161636 7fd69d619700         Options.bottommost_compression_opts.max_dict_bytes: 0
2024/08/17-15:58:00.161637 7fd69d619700         Options.bottommost_compression_opts.zstd_max_train_bytes: 0
2024/08/17-15:58:00.161877 7fd69d619700         Options.bottommost_compression_opts.parallel_threads: 1
2024/08/17-15:58:00.161881 7fd69d619700                  Options.bottommost_compression_opts.enabled: false
2024/08/17-15:58:00.161882 7fd69d619700            Options.compression_opts.window_bits: -14
2024/08/17-15:58:00.161884 7fd69d619700                  Options.compression_opts.level: 32767
2024/08/17-15:58:00.161885 7fd69d619700               Options.compression_opts.strategy: 0
2024/08/17-15:58:00.161886 7fd69d619700         Options.compression_opts.max_dict_bytes: 0
2024/08/17-15:58:00.161887 7fd69d619700         Options.compression_opts.zstd_max_train_bytes: 0
2024/08/17-15:58:00.161889 7fd69d619700         Options.compression_opts.parallel_threads: 1
2024/08/17-15:58:00.161890 7fd69d619700                  Options.compression_opts.enabled: false
2024/08/17-15:58:00.161891 7fd69d619700      Options.level0_file_num_compaction_trigger: 4
2024/08/17-15:58:00.161892 7fd69d619700          Options.level0_slowdown_writes_trigger: 20
2024/08/17-15:58:00.161893 7fd69d619700              Options.level0_stop_writes_trigger: 36
2024/08/17-15:58:00.161894 7fd69d619700                   Options.target_file_size_base: 67108864
2024/08/17-15:58:00.161896 7fd69d619700             Options.target_file_size_multiplier: 1
2024/08/17-15:58:00.161897 7fd69d619700                Options.max_bytes_for_level_base: 268435456
2024/08/17-15:58:00.161898 7fd69d619700 Options.level_compaction_dynamic_level_bytes: 0
2024/08/17-15:58:00.161899 7fd69d619700          Options.max_bytes_for_level_multiplier: 10.000000
2024/08/17-15:58:00.161902 7fd69d619700 Options.max_bytes_for_level_multiplier_addtl[0]: 1
2024/08/17-15:58:00.161904 7fd69d619700 Options.max_bytes_for_level_multiplier_addtl[1]: 1
2024/08/17-15:58:00.161905 7fd69d619700 Options.max_bytes_for_level_multiplier_addtl[2]: 1
2024/08/17-15:58:00.161906 7fd69d619700 Options.max_bytes_for_level_multiplier_addtl[3]: 1
2024/08/17-15:58:00.161907 7fd69d619700 Options.max_bytes_for_level_multiplier_addtl[4]: 1
2024/08/17-15:58:00.161908 7fd69d619700 Options.max_bytes_for_level_multiplier_addtl[5]: 1
2024/08/17-15:58:00.161910 7fd69d619700 Options.max_bytes_for_level_multiplier_addtl[6]: 1
2024/08/17-15:58:00.161911 7fd69d619700       Options.max_sequential_skip_in_iterations: 8
2024/08/17-15:58:00.161912 7fd69d619700                    Options.max_compaction_bytes: 1677721600
2024/08/17-15:58:00.161913 7fd69d619700                        Options.arena_block_size: 8388608
2024/08/17-15:58:00.161914 7fd69d619700   Options.soft_pending_compaction_bytes_limit: 68719476736
2024/08/17-15:58:00.161915 7fd69d619700   Options.hard_pending_compaction_bytes_limit: 274877906944
2024/08/17-15:58:00.161917 7fd69d619700       Options.rate_limit_delay_max_milliseconds: 100
2024/08/17-15:58:00.161918 7fd69d619700                Options.disable_auto_compactions: 0
2024/08/17-15:58:00.161920 7fd69d619700                        Options.compaction_style: kCompactionStyleLevel
2024/08/17-15:58:00.161923 7fd69d619700                          Options.compaction_pri: kMinOverlappingRatio
2024/08/17-15:58:00.161924 7fd69d619700 Options.compaction_options_universal.size_ratio: 1
2024/08/17-15:58:00.161925 7fd69d619700 Options.compaction_options_universal.min_merge_width: 2
2024/08/17-15:58:00.161926 7fd69d619700 Options.compaction_options_universal.max_merge_width: 4294967295
2024/08/17-15:58:00.161927 7fd69d619700 Options.compaction_options_universal.max_size_amplification_percent: 200
2024/08/17-15:58:00.161928 7fd69d619700 Options.compaction_options_universal.compression_size_percent: -1
2024/08/17-15:58:00.161930 7fd69d619700 Options.compaction_options_universal.stop_style: kCompactionStopStyleTotalSize
2024/08/17-15:58:00.161931 7fd69d619700 Options.compaction_options_fifo.max_table_files_size: 1073741824
2024/08/17-15:58:00.161932 7fd69d619700 Options.compaction_options_fifo.allow_compaction: 0
2024/08/17-15:58:00.161942 7fd69d619700                   Options.table_properties_collectors: 
2024/08/17-15:58:00.162178 7fd69d619700                   Options.inplace_update_support: 0
2024/08/17-15:58:00.162185 7fd69d619700                 Options.inplace_update_num_locks: 10000
2024/08/17-15:58:00.162187 7fd69d619700               Options.memtable_prefix_bloom_size_ratio: 0.000000
2024/08/17-15:58:00.162192 7fd69d619700               Options.memtable_whole_key_filtering: 0
2024/08/17-15:58:00.162193 7fd69d619700   Options.memtable_huge_page_size: 0
2024/08/17-15:58:00.162195 7fd69d619700                           Options.bloom_locality: 0
2024/08/17-15:58:00.162196 7fd69d619700                    Options.max_successive_merges: 0
2024/08/17-15:58:00.162197 7fd69d619700                Options.optimize_filters_for_hits: 0
2024/08/17-15:58:00.162198 7fd69d619700                Options.paranoid_file_checks: 0
2024/08/17-15:58:00.162200 7fd69d619700                Options.force_consistency_checks: 1
2024/08/17-15:58:00.162201 7fd69d619700                Options.report_bg_io_stats: 0
2024/08/17-15:58:00.162202 7fd69d619700                               Options.ttl: 2592000
2024/08/17-15:58:00.162204 7fd69d619700          Options.periodic_compaction_seconds: 0
2024/08/17-15:58:00.162205 7fd69d619700                    Options.enable_blob_files: false
2024/08/17-15:58:00.162206 7fd69d619700                        Options.min_blob_size: 0
2024/08/17-15:58:00.162208 7fd69d619700                       Options.blob_file_size: 268435456
2024/08/17-15:58:00.162210 7fd69d619700                Options.blob_compression_type: NoCompression
2024/08/17-15:58:00.162211 7fd69d619700       Options.enable_blob_garbage_collection: false
2024/08/17-15:58:00.162212 7fd69d619700   Options.blob_garbage_collection_age_cutoff: 0.250000
2024/08/17-15:58:00.171276 7fd69d619700 [db/version_set.cc:4773] Recovered from manifest file:/var/lib/milvus/rdb_data/MANIFEST-000015 succeeded,manifest_file_number is 15, next_file_number is 17, last_sequence is 66628, log_number is 11,prev_log_number is 0,max_column_family is 0,min_log_number_to_keep is 0
2024/08/17-15:58:00.171287 7fd69d619700 [db/version_set.cc:4782] Column family [default] (ID 0), log number is 11
2024/08/17-15:58:00.174398 7fd69d619700 [db/version_set.cc:4083] Creating manifest 19
2024/08/17-15:58:00.190542 7fd69d619700 EVENT_LOG_v1 {"time_micros": 1723910280190535, "job": 1, "event": "recovery_started", "wal_files": [16]}
2024/08/17-15:58:00.190550 7fd69d619700 [db/db_impl/db_impl_open.cc:847] Recovering log #16 mode 2
2024/08/17-15:58:00.205680 7fd69d619700 EVENT_LOG_v1 {"time_micros": 1723910280205642, "cf_name": "default", "job": 1, "event": "table_file_creation", "file_number": 20, "file_size": 11296, "file_checksum": "", "file_checksum_func_name": "Unknown", "table_properties": {"data_size": 10271, "index_size": 170, "index_partitions": 0, "top_level_index_size": 0, "index_key_is_user_key": 1, "index_value_is_delta_encoded": 1, "filter_size": 0, "raw_key_size": 16536, "raw_average_key_size": 52, "raw_value_size": 5406, "raw_average_value_size": 17, "num_data_blocks": 3, "num_entries": 318, "num_deletions": 0, "num_merge_operands": 0, "num_range_deletions": 0, "format_version": 0, "fixed_key_len": 0, "filter_policy": "", "column_family_name": "default", "column_family_id": 0, "comparator": "leveldb.BytewiseComparator", "merge_operator": "nullptr", "prefix_extractor_name": "nullptr", "property_collectors": "[]", "compression": "NoCompression", "compression_options": "window_bits=-14; level=32767; strategy=0; max_dict_bytes=0; zstd_max_train_bytes=0; enabled=0; ", "creation_time": 1723910280, "oldest_key_time": 0, "file_creation_time": 0, "db_id": "4262830a-31dc-4a6f-978c-11c2271c3b4f", "db_session_id": "7PQR9SJQ6GM80KBB62QJ"}}
2024/08/17-15:58:00.205937 7fd69d619700 [db/version_set.cc:4083] Creating manifest 21
2024/08/17-15:58:00.219183 7fd69d619700 EVENT_LOG_v1 {"time_micros": 1723910280219178, "job": 1, "event": "recovery_finished"}
2024/08/17-15:58:00.224090 7fd69d619700 [file/delete_scheduler.cc:73] Deleted file /var/lib/milvus/rdb_data/000016.log immediately, rate_bytes_per_sec 0, total_trash_size 0 max_trash_db_ratio 0.250000
2024/08/17-15:58:00.234741 7fd69d619700 [db/db_impl/db_impl_open.cc:1701] SstFileManager instance 0x7fd6840eb020
2024/08/17-15:58:00.235997 7fd69d619700 DB pointer 0x7fd6840e91c0
2024/08/17-15:58:03.236462 7fd6557fa700 [db/db_impl/db_impl.cc:902] ------- DUMPING STATS -------
2024/08/17-15:58:03.236479 7fd6557fa700 [db/db_impl/db_impl.cc:903] 
** DB Stats **
Uptime(secs): 3.1 total, 3.1 interval
Cumulative writes: 14 writes, 14 keys, 14 commit groups, 0.9 writes per commit group, ingest: 0.00 GB, 0.00 MB/s
Cumulative WAL: 14 writes, 0 syncs, 14.00 writes per sync, written: 0.00 GB, 0.00 MB/s
Cumulative stall: 00:00:0.000 H:M:S, 0.0 percent
Interval writes: 14 writes, 14 keys, 14 commit groups, 0.9 writes per commit group, ingest: 0.00 MB, 0.00 MB/s
Interval WAL: 14 writes, 0 syncs, 14.00 writes per sync, written: 0.00 MB, 0.00 MB/s
Interval stall: 00:00:0.000 H:M:S, 0.0 percent

** Compaction Stats [default] **
Level    Files   Size     Score Read(GB)  Rn(GB) Rnp1(GB) Write(GB) Wnew(GB) Moved(GB) W-Amp Rd(MB/s) Wr(MB/s) Comp(sec) CompMergeCPU(sec) Comp(cnt) Avg(sec) KeyIn KeyDrop
----------------------------------------------------------------------------------------------------------------------------------------------------------------------------
  L0      3/0    2.08 MB   0.8      0.0     0.0      0.0       0.0      0.0       0.0   1.0      0.0      0.8      0.01              0.00         1    0.014       0      0
 Sum      3/0    2.08 MB   0.0      0.0     0.0      0.0       0.0      0.0       0.0   1.0      0.0      0.8      0.01              0.00         1    0.014       0      0
 Int      0/0    0.00 KB   0.0      0.0     0.0      0.0       0.0      0.0       0.0   1.0      0.0      0.8      0.01              0.00         1    0.014       0      0

** Compaction Stats [default] **
Priority    Files   Size     Score Read(GB)  Rn(GB) Rnp1(GB) Write(GB) Wnew(GB) Moved(GB) W-Amp Rd(MB/s) Wr(MB/s) Comp(sec) CompMergeCPU(sec) Comp(cnt) Avg(sec) KeyIn KeyDrop
-------------------------------------------------------------------------------------------------------------------------------------------------------------------------------
User      0/0    0.00 KB   0.0      0.0     0.0      0.0       0.0      0.0       0.0   0.0      0.0      0.8      0.01              0.00         1    0.014       0      0
Uptime(secs): 3.1 total, 3.1 interval
Flush(GB): cumulative 0.000, interval 0.000
AddFile(GB): cumulative 0.000, interval 0.000
AddFile(Total Files): cumulative 0, interval 0
AddFile(L0 Files): cumulative 0, interval 0
AddFile(Keys): cumulative 0, interval 0
Cumulative compaction: 0.00 GB write, 0.00 MB/s write, 0.00 GB read, 0.00 MB/s read, 0.0 seconds
Interval compaction: 0.00 GB write, 0.00 MB/s write, 0.00 GB read, 0.00 MB/s read, 0.0 seconds
Stalls(count): 0 level0_slowdown, 0 level0_slowdown_with_compaction, 0 level0_numfiles, 0 level0_numfiles_with_compaction, 0 stop for pending_compaction_bytes, 0 slowdown for pending_compaction_bytes, 0 memtable_compaction, 0 memtable_slowdown, interval 0 total count

** File Read Latency Histogram By Level [default] **

** Compaction Stats [default] **
Level    Files   Size     Score Read(GB)  Rn(GB) Rnp1(GB) Write(GB) Wnew(GB) Moved(GB) W-Amp Rd(MB/s) Wr(MB/s) Comp(sec) CompMergeCPU(sec) Comp(cnt) Avg(sec) KeyIn KeyDrop
----------------------------------------------------------------------------------------------------------------------------------------------------------------------------
  L0      3/0    2.08 MB   0.8      0.0     0.0      0.0       0.0      0.0       0.0   1.0      0.0      0.8      0.01              0.00         1    0.014       0      0
 Sum      3/0    2.08 MB   0.0      0.0     0.0      0.0       0.0      0.0       0.0   1.0      0.0      0.8      0.01              0.00         1    0.014       0      0
 Int      0/0    0.00 KB   0.0      0.0     0.0      0.0       0.0      0.0       0.0   0.0      0.0      0.0      0.00              0.00         0    0.000       0      0

** Compaction Stats [default] **
Priority    Files   Size     Score Read(GB)  Rn(GB) Rnp1(GB) Write(GB) Wnew(GB) Moved(GB) W-Amp Rd(MB/s) Wr(MB/s) Comp(sec) CompMergeCPU(sec) Comp(cnt) Avg(sec) KeyIn KeyDrop
-------------------------------------------------------------------------------------------------------------------------------------------------------------------------------
User      0/0    0.00 KB   0.0      0.0     0.0      0.0       0.0      0.0       0.0   0.0      0.0      0.8      0.01              0.00         1    0.014       0      0
Uptime(secs): 3.1 total, 0.0 interval
Flush(GB): cumulative 0.000, interval 0.000
AddFile(GB): cumulative 0.000, interval 0.000
AddFile(Total Files): cumulative 0, interval 0
AddFile(L0 Files): cumulative 0, interval 0
AddFile(Keys): cumulative 0, interval 0
Cumulative compaction: 0.00 GB write, 0.00 MB/s write, 0.00 GB read, 0.00 MB/s read, 0.0 seconds
Interval compaction: 0.00 GB write, 0.00 MB/s write, 0.00 GB read, 0.00 MB/s read, 0.0 seconds
Stalls(count): 0 level0_slowdown, 0 level0_slowdown_with_compaction, 0 level0_numfiles, 0 level0_numfiles_with_compaction, 0 stop for pending_compaction_bytes, 0 slowdown for pending_compaction_bytes, 0 memtable_compaction, 0 memtable_slowdown, interval 0 total count

** File Read Latency Histogram By Level [default] **
2024/08/17-16:08:03.236904 7fd6557fa700 [db/db_impl/db_impl.cc:902] ------- DUMPING STATS -------
2024/08/17-16:08:03.237113 7fd6557fa700 [db/db_impl/db_impl.cc:903] 
** DB Stats **
Uptime(secs): 603.1 total, 600.0 interval
Cumulative writes: 3014 writes, 3014 keys, 3014 commit groups, 1.0 writes per commit group, ingest: 0.00 GB, 0.00 MB/s
Cumulative WAL: 3014 writes, 0 syncs, 3014.00 writes per sync, written: 0.00 GB, 0.00 MB/s
Cumulative stall: 00:00:0.000 H:M:S, 0.0 percent
Interval writes: 3000 writes, 3000 keys, 3000 commit groups, 1.0 writes per commit group, ingest: 0.22 MB, 0.00 MB/s
Interval WAL: 3000 writes, 0 syncs, 3000.00 writes per sync, written: 0.00 MB, 0.00 MB/s
Interval stall: 00:00:0.000 H:M:S, 0.0 percent

** Compaction Stats [default] **
Level    Files   Size     Score Read(GB)  Rn(GB) Rnp1(GB) Write(GB) Wnew(GB) Moved(GB) W-Amp Rd(MB/s) Wr(MB/s) Comp(sec) CompMergeCPU(sec) Comp(cnt) Avg(sec) KeyIn KeyDrop
----------------------------------------------------------------------------------------------------------------------------------------------------------------------------
  L0      3/0    2.08 MB   0.8      0.0     0.0      0.0       0.0      0.0       0.0   1.0      0.0      0.8      0.01              0.00         1    0.014       0      0
 Sum      3/0    2.08 MB   0.0      0.0     0.0      0.0       0.0      0.0       0.0   1.0      0.0      0.8      0.01              0.00         1    0.014       0      0
 Int      0/0    0.00 KB   0.0      0.0     0.0      0.0       0.0      0.0       0.0   0.0      0.0      0.0      0.00              0.00         0    0.000       0      0

** Compaction Stats [default] **
Priority    Files   Size     Score Read(GB)  Rn(GB) Rnp1(GB) Write(GB) Wnew(GB) Moved(GB) W-Amp Rd(MB/s) Wr(MB/s) Comp(sec) CompMergeCPU(sec) Comp(cnt) Avg(sec) KeyIn KeyDrop
-------------------------------------------------------------------------------------------------------------------------------------------------------------------------------
User      0/0    0.00 KB   0.0      0.0     0.0      0.0       0.0      0.0       0.0   0.0      0.0      0.8      0.01              0.00         1    0.014       0      0
Uptime(secs): 603.1 total, 600.0 interval
Flush(GB): cumulative 0.000, interval 0.000
AddFile(GB): cumulative 0.000, interval 0.000
AddFile(Total Files): cumulative 0, interval 0
AddFile(L0 Files): cumulative 0, interval 0
AddFile(Keys): cumulative 0, interval 0
Cumulative compaction: 0.00 GB write, 0.00 MB/s write, 0.00 GB read, 0.00 MB/s read, 0.0 seconds
Interval compaction: 0.00 GB write, 0.00 MB/s write, 0.00 GB read, 0.00 MB/s read, 0.0 seconds
Stalls(count): 0 level0_slowdown, 0 level0_slowdown_with_compaction, 0 level0_numfiles, 0 level0_numfiles_with_compaction, 0 stop for pending_compaction_bytes, 0 slowdown for pending_compaction_bytes, 0 memtable_compaction, 0 memtable_slowdown, interval 0 total count

** File Read Latency Histogram By Level [default] **

** Compaction Stats [default] **
Level    Files   Size     Score Read(GB)  Rn(GB) Rnp1(GB) Write(GB) Wnew(GB) Moved(GB) W-Amp Rd(MB/s) Wr(MB/s) Comp(sec) CompMergeCPU(sec) Comp(cnt) Avg(sec) KeyIn KeyDrop
----------------------------------------------------------------------------------------------------------------------------------------------------------------------------
  L0      3/0    2.08 MB   0.8      0.0     0.0      0.0       0.0      0.0       0.0   1.0      0.0      0.8      0.01              0.00         1    0.014       0      0
 Sum      3/0    2.08 MB   0.0      0.0     0.0      0.0       0.0      0.0       0.0   1.0      0.0      0.8      0.01              0.00         1    0.014       0      0
 Int      0/0    0.00 KB   0.0      0.0     0.0      0.0       0.0      0.0       0.0   0.0      0.0      0.0      0.00              0.00         0    0.000       0      0

** Compaction Stats [default] **
Priority    Files   Size     Score Read(GB)  Rn(GB) Rnp1(GB) Write(GB) Wnew(GB) Moved(GB) W-Amp Rd(MB/s) Wr(MB/s) Comp(sec) CompMergeCPU(sec) Comp(cnt) Avg(sec) KeyIn KeyDrop
-------------------------------------------------------------------------------------------------------------------------------------------------------------------------------
User      0/0    0.00 KB   0.0      0.0     0.0      0.0       0.0      0.0       0.0   0.0      0.0      0.8      0.01              0.00         1    0.014       0      0
Uptime(secs): 603.1 total, 0.0 interval
Flush(GB): cumulative 0.000, interval 0.000
AddFile(GB): cumulative 0.000, interval 0.000
AddFile(Total Files): cumulative 0, interval 0
AddFile(L0 Files): cumulative 0, interval 0
AddFile(Keys): cumulative 0, interval 0
Cumulative compaction: 0.00 GB write, 0.00 MB/s write, 0.00 GB read, 0.00 MB/s read, 0.0 seconds
Interval compaction: 0.00 GB write, 0.00 MB/s write, 0.00 GB read, 0.00 MB/s read, 0.0 seconds
Stalls(count): 0 level0_slowdown, 0 level0_slowdown_with_compaction, 0 level0_numfiles, 0 level0_numfiles_with_compaction, 0 stop for pending_compaction_bytes, 0 slowdown for pending_compaction_bytes, 0 memtable_compaction, 0 memtable_slowdown, interval 0 total count

** File Read Latency Histogram By Level [default] **
2024/08/17-16:12:19.711100 7fd6a48eb700 [db/db_impl/db_impl.cc:447] Shutdown: canceling all background work
2024/08/17-16:12:19.716502 7fd6a48eb700 [db/db_impl/db_impl.cc:625] Shutdown complete
