2024/08/18-03:47:31.678137 7ff1b7c21380 RocksDB version: 6.15.2
2024/08/18-03:47:31.678551 7ff1b7c21380 Git sha rocksdb_build_git_sha:@0@
2024/08/18-03:47:31.678555 7ff1b7c21380 Compile date Apr  2 2022
2024/08/18-03:47:31.678610 7ff1b7c21380 DB SUMMARY
2024/08/18-03:47:31.678611 7ff1b7c21380 DB Session ID:  1VG15IR9L7NNZAKZZHSA
2024/08/18-03:47:31.680503 7ff1b7c21380 CURRENT file:  CURRENT
2024/08/18-03:47:31.680509 7ff1b7c21380 IDENTITY file:  IDENTITY
2024/08/18-03:47:31.681197 7ff1b7c21380 MANIFEST file:  MANIFEST-000048 size: 1194 Bytes
2024/08/18-03:47:31.681208 7ff1b7c21380 SST files in /var/lib/milvus/rdb_data dir, Total Num: 7, files: 000008.sst 000014.sst 000020.sst 000026.sst 000033.sst 000040.sst 000047.sst 
2024/08/18-03:47:31.681210 7ff1b7c21380 Write Ahead Log file in /var/lib/milvus/rdb_data: 000049.log size: 2606565 ; 
2024/08/18-03:47:31.681213 7ff1b7c21380                         Options.error_if_exists: 0
2024/08/18-03:47:31.681215 7ff1b7c21380                       Options.create_if_missing: 1
2024/08/18-03:47:31.681216 7ff1b7c21380                         Options.paranoid_checks: 1
2024/08/18-03:47:31.681217 7ff1b7c21380                               Options.track_and_verify_wals_in_manifest: 0
2024/08/18-03:47:31.681218 7ff1b7c21380                                     Options.env: 0x480f820
2024/08/18-03:47:31.681219 7ff1b7c21380                                      Options.fs: Posix File System
2024/08/18-03:47:31.681220 7ff1b7c21380                                Options.info_log: 0x65cc370
2024/08/18-03:47:31.681221 7ff1b7c21380                Options.max_file_opening_threads: 16
2024/08/18-03:47:31.681222 7ff1b7c21380                              Options.statistics: (nil)
2024/08/18-03:47:31.681223 7ff1b7c21380                               Options.use_fsync: 0
2024/08/18-03:47:31.681224 7ff1b7c21380                       Options.max_log_file_size: 0
2024/08/18-03:47:31.681225 7ff1b7c21380                  Options.max_manifest_file_size: 1073741824
2024/08/18-03:47:31.681225 7ff1b7c21380                   Options.log_file_time_to_roll: 0
2024/08/18-03:47:31.681226 7ff1b7c21380                       Options.keep_log_file_num: 1000
2024/08/18-03:47:31.681227 7ff1b7c21380                    Options.recycle_log_file_num: 0
2024/08/18-03:47:31.681228 7ff1b7c21380                         Options.allow_fallocate: 1
2024/08/18-03:47:31.681229 7ff1b7c21380                        Options.allow_mmap_reads: 0
2024/08/18-03:47:31.681230 7ff1b7c21380                       Options.allow_mmap_writes: 0
2024/08/18-03:47:31.681231 7ff1b7c21380                        Options.use_direct_reads: 0
2024/08/18-03:47:31.681232 7ff1b7c21380                        Options.use_direct_io_for_flush_and_compaction: 0
2024/08/18-03:47:31.681232 7ff1b7c21380          Options.create_missing_column_families: 0
2024/08/18-03:47:31.681233 7ff1b7c21380                              Options.db_log_dir: 
2024/08/18-03:47:31.681234 7ff1b7c21380                                 Options.wal_dir: /var/lib/milvus/rdb_data
2024/08/18-03:47:31.681235 7ff1b7c21380                Options.table_cache_numshardbits: 6
2024/08/18-03:47:31.681236 7ff1b7c21380                         Options.WAL_ttl_seconds: 0
2024/08/18-03:47:31.681236 7ff1b7c21380                       Options.WAL_size_limit_MB: 0
2024/08/18-03:47:31.681237 7ff1b7c21380                        Options.max_write_batch_group_size_bytes: 1048576
2024/08/18-03:47:31.681238 7ff1b7c21380             Options.manifest_preallocation_size: 4194304
2024/08/18-03:47:31.681239 7ff1b7c21380                     Options.is_fd_close_on_exec: 1
2024/08/18-03:47:31.681240 7ff1b7c21380                   Options.advise_random_on_open: 1
2024/08/18-03:47:31.681241 7ff1b7c21380                    Options.db_write_buffer_size: 0
2024/08/18-03:47:31.681242 7ff1b7c21380                    Options.write_buffer_manager: 0x65c9630
2024/08/18-03:47:31.681243 7ff1b7c21380         Options.access_hint_on_compaction_start: 1
2024/08/18-03:47:31.681243 7ff1b7c21380  Options.new_table_reader_for_compaction_inputs: 0
2024/08/18-03:47:31.681244 7ff1b7c21380           Options.random_access_max_buffer_size: 1048576
2024/08/18-03:47:31.681635 7ff1b7c21380                      Options.use_adaptive_mutex: 0
2024/08/18-03:47:31.681638 7ff1b7c21380                            Options.rate_limiter: (nil)
2024/08/18-03:47:31.681640 7ff1b7c21380     Options.sst_file_manager.rate_bytes_per_sec: 0
2024/08/18-03:47:31.681641 7ff1b7c21380                       Options.wal_recovery_mode: 2
2024/08/18-03:47:31.681642 7ff1b7c21380                  Options.enable_thread_tracking: 0
2024/08/18-03:47:31.681643 7ff1b7c21380                  Options.enable_pipelined_write: 0
2024/08/18-03:47:31.681644 7ff1b7c21380                  Options.unordered_write: 0
2024/08/18-03:47:31.681645 7ff1b7c21380         Options.allow_concurrent_memtable_write: 1
2024/08/18-03:47:31.681646 7ff1b7c21380      Options.enable_write_thread_adaptive_yield: 1
2024/08/18-03:47:31.681647 7ff1b7c21380             Options.write_thread_max_yield_usec: 100
2024/08/18-03:47:31.681648 7ff1b7c21380            Options.write_thread_slow_yield_usec: 3
2024/08/18-03:47:31.681649 7ff1b7c21380                               Options.row_cache: None
2024/08/18-03:47:31.681650 7ff1b7c21380                              Options.wal_filter: None
2024/08/18-03:47:31.681651 7ff1b7c21380             Options.avoid_flush_during_recovery: 0
2024/08/18-03:47:31.681652 7ff1b7c21380             Options.allow_ingest_behind: 0
2024/08/18-03:47:31.681653 7ff1b7c21380             Options.preserve_deletes: 0
2024/08/18-03:47:31.681653 7ff1b7c21380             Options.two_write_queues: 0
2024/08/18-03:47:31.681654 7ff1b7c21380             Options.manual_wal_flush: 0
2024/08/18-03:47:31.681655 7ff1b7c21380             Options.atomic_flush: 0
2024/08/18-03:47:31.681656 7ff1b7c21380             Options.avoid_unnecessary_blocking_io: 0
2024/08/18-03:47:31.681657 7ff1b7c21380                 Options.persist_stats_to_disk: 0
2024/08/18-03:47:31.681658 7ff1b7c21380                 Options.write_dbid_to_manifest: 0
2024/08/18-03:47:31.681659 7ff1b7c21380                 Options.log_readahead_size: 0
2024/08/18-03:47:31.681660 7ff1b7c21380                 Options.file_checksum_gen_factory: Unknown
2024/08/18-03:47:31.681661 7ff1b7c21380                 Options.best_efforts_recovery: 0
2024/08/18-03:47:31.681661 7ff1b7c21380                Options.max_bgerror_resume_count: 2147483647
2024/08/18-03:47:31.681662 7ff1b7c21380            Options.bgerror_resume_retry_interval: 1000000
2024/08/18-03:47:31.681663 7ff1b7c21380             Options.allow_data_in_errors: 0
2024/08/18-03:47:31.681664 7ff1b7c21380             Options.db_host_id: __hostname__
2024/08/18-03:47:31.681665 7ff1b7c21380             Options.max_background_jobs: 2
2024/08/18-03:47:31.681666 7ff1b7c21380             Options.max_background_compactions: -1
2024/08/18-03:47:31.681667 7ff1b7c21380             Options.max_subcompactions: 1
2024/08/18-03:47:31.681668 7ff1b7c21380             Options.avoid_flush_during_shutdown: 0
2024/08/18-03:47:31.681669 7ff1b7c21380           Options.writable_file_max_buffer_size: 1048576
2024/08/18-03:47:31.681670 7ff1b7c21380             Options.delayed_write_rate : 16777216
2024/08/18-03:47:31.681670 7ff1b7c21380             Options.max_total_wal_size: 0
2024/08/18-03:47:31.681671 7ff1b7c21380             Options.delete_obsolete_files_period_micros: 21600000000
2024/08/18-03:47:31.681672 7ff1b7c21380                   Options.stats_dump_period_sec: 600
2024/08/18-03:47:31.681673 7ff1b7c21380                 Options.stats_persist_period_sec: 600
2024/08/18-03:47:31.681674 7ff1b7c21380                 Options.stats_history_buffer_size: 1048576
2024/08/18-03:47:31.681675 7ff1b7c21380                          Options.max_open_files: -1
2024/08/18-03:47:31.681676 7ff1b7c21380                          Options.bytes_per_sync: 0
2024/08/18-03:47:31.681677 7ff1b7c21380                      Options.wal_bytes_per_sync: 0
2024/08/18-03:47:31.681677 7ff1b7c21380                   Options.strict_bytes_per_sync: 0
2024/08/18-03:47:31.681678 7ff1b7c21380       Options.compaction_readahead_size: 0
2024/08/18-03:47:31.681679 7ff1b7c21380                  Options.max_background_flushes: 1
2024/08/18-03:47:31.681862 7ff1b7c21380 Compression algorithms supported:
2024/08/18-03:47:31.681867 7ff1b7c21380 	kZSTDNotFinalCompression supported: 0
2024/08/18-03:47:31.681868 7ff1b7c21380 	kZSTD supported: 0
2024/08/18-03:47:31.681869 7ff1b7c21380 	kXpressCompression supported: 0
2024/08/18-03:47:31.681870 7ff1b7c21380 	kLZ4HCCompression supported: 0
2024/08/18-03:47:31.681871 7ff1b7c21380 	kLZ4Compression supported: 0
2024/08/18-03:47:31.681872 7ff1b7c21380 	kBZip2Compression supported: 0
2024/08/18-03:47:31.681873 7ff1b7c21380 	kZlibCompression supported: 0
2024/08/18-03:47:31.681874 7ff1b7c21380 	kSnappyCompression supported: 0
2024/08/18-03:47:31.681879 7ff1b7c21380 Fast CRC32 supported: Supported on x86
2024/08/18-03:47:31.687642 7ff1b7c21380 [db/version_set.cc:4725] Recovering from manifest file: /var/lib/milvus/rdb_data/MANIFEST-000048
2024/08/18-03:47:31.688971 7ff1b7c21380 [db/column_family.cc:597] --------------- Options for column family [default]:
2024/08/18-03:47:31.688977 7ff1b7c21380               Options.comparator: leveldb.BytewiseComparator
2024/08/18-03:47:31.688979 7ff1b7c21380           Options.merge_operator: None
2024/08/18-03:47:31.688980 7ff1b7c21380        Options.compaction_filter: None
2024/08/18-03:47:31.688981 7ff1b7c21380        Options.compaction_filter_factory: None
2024/08/18-03:47:31.688982 7ff1b7c21380  Options.sst_partitioner_factory: None
2024/08/18-03:47:31.688983 7ff1b7c21380         Options.memtable_factory: SkipListFactory
2024/08/18-03:47:31.688985 7ff1b7c21380            Options.table_factory: BlockBasedTable
2024/08/18-03:47:31.689007 7ff1b7c21380            table_factory options:   flush_block_policy_factory: FlushBlockBySizePolicyFactory (0x64fae20)
  cache_index_and_filter_blocks: 0
  cache_index_and_filter_blocks_with_high_priority: 1
  pin_l0_filter_and_index_blocks_in_cache: 0
  pin_top_level_index_and_filter: 1
  index_type: 0
  data_block_index_type: 0
  index_shortening: 1
  data_block_hash_table_util_ratio: 0.750000
  hash_index_allow_collision: 1
  checksum: 1
  no_block_cache: 0
  block_cache: 0x64e2700
  block_cache_name: LRUCache
  block_cache_options:
    capacity : 1073741824
    num_shard_bits : 6
    strict_capacity_limit : 0
    memory_allocator : None
    high_pri_pool_ratio: 0.500
  block_cache_compressed: (nil)
  persistent_cache: (nil)
  block_size: 4096
  block_size_deviation: 10
  block_restart_interval: 16
  index_block_restart_interval: 1
  metadata_block_size: 4096
  partition_filters: 0
  use_delta_encoding: 1
  filter_policy: nullptr
  whole_key_filtering: 1
  verify_compression: 0
  read_amp_bytes_per_bit: 0
  format_version: 4
  enable_index_compression: 1
  block_align: 0
2024/08/18-03:47:31.689009 7ff1b7c21380        Options.write_buffer_size: 67108864
2024/08/18-03:47:31.689010 7ff1b7c21380  Options.max_write_buffer_number: 2
2024/08/18-03:47:31.689011 7ff1b7c21380          Options.compression: NoCompression
2024/08/18-03:47:31.689012 7ff1b7c21380                  Options.bottommost_compression: Disabled
2024/08/18-03:47:31.689013 7ff1b7c21380       Options.prefix_extractor: nullptr
2024/08/18-03:47:31.689014 7ff1b7c21380   Options.memtable_insert_with_hint_prefix_extractor: nullptr
2024/08/18-03:47:31.689015 7ff1b7c21380             Options.num_levels: 7
2024/08/18-03:47:31.689016 7ff1b7c21380        Options.min_write_buffer_number_to_merge: 1
2024/08/18-03:47:31.689017 7ff1b7c21380     Options.max_write_buffer_number_to_maintain: 0
2024/08/18-03:47:31.689017 7ff1b7c21380     Options.max_write_buffer_size_to_maintain: 0
2024/08/18-03:47:31.689018 7ff1b7c21380            Options.bottommost_compression_opts.window_bits: -14
2024/08/18-03:47:31.689019 7ff1b7c21380                  Options.bottommost_compression_opts.level: 32767
2024/08/18-03:47:31.689020 7ff1b7c21380               Options.bottommost_compression_opts.strategy: 0
2024/08/18-03:47:31.689021 7ff1b7c21380         Options.bottommost_compression_opts.max_dict_bytes: 0
2024/08/18-03:47:31.689022 7ff1b7c21380         Options.bottommost_compression_opts.zstd_max_train_bytes: 0
2024/08/18-03:47:31.689200 7ff1b7c21380         Options.bottommost_compression_opts.parallel_threads: 1
2024/08/18-03:47:31.689203 7ff1b7c21380                  Options.bottommost_compression_opts.enabled: false
2024/08/18-03:47:31.689205 7ff1b7c21380            Options.compression_opts.window_bits: -14
2024/08/18-03:47:31.689206 7ff1b7c21380                  Options.compression_opts.level: 32767
2024/08/18-03:47:31.689207 7ff1b7c21380               Options.compression_opts.strategy: 0
2024/08/18-03:47:31.689207 7ff1b7c21380         Options.compression_opts.max_dict_bytes: 0
2024/08/18-03:47:31.689208 7ff1b7c21380         Options.compression_opts.zstd_max_train_bytes: 0
2024/08/18-03:47:31.689209 7ff1b7c21380         Options.compression_opts.parallel_threads: 1
2024/08/18-03:47:31.689210 7ff1b7c21380                  Options.compression_opts.enabled: false
2024/08/18-03:47:31.689211 7ff1b7c21380      Options.level0_file_num_compaction_trigger: 4
2024/08/18-03:47:31.689212 7ff1b7c21380          Options.level0_slowdown_writes_trigger: 20
2024/08/18-03:47:31.689213 7ff1b7c21380              Options.level0_stop_writes_trigger: 36
2024/08/18-03:47:31.689213 7ff1b7c21380                   Options.target_file_size_base: 67108864
2024/08/18-03:47:31.689214 7ff1b7c21380             Options.target_file_size_multiplier: 1
2024/08/18-03:47:31.689215 7ff1b7c21380                Options.max_bytes_for_level_base: 268435456
2024/08/18-03:47:31.689216 7ff1b7c21380 Options.level_compaction_dynamic_level_bytes: 0
2024/08/18-03:47:31.689217 7ff1b7c21380          Options.max_bytes_for_level_multiplier: 10.000000
2024/08/18-03:47:31.689219 7ff1b7c21380 Options.max_bytes_for_level_multiplier_addtl[0]: 1
2024/08/18-03:47:31.689220 7ff1b7c21380 Options.max_bytes_for_level_multiplier_addtl[1]: 1
2024/08/18-03:47:31.689221 7ff1b7c21380 Options.max_bytes_for_level_multiplier_addtl[2]: 1
2024/08/18-03:47:31.689222 7ff1b7c21380 Options.max_bytes_for_level_multiplier_addtl[3]: 1
2024/08/18-03:47:31.689223 7ff1b7c21380 Options.max_bytes_for_level_multiplier_addtl[4]: 1
2024/08/18-03:47:31.689224 7ff1b7c21380 Options.max_bytes_for_level_multiplier_addtl[5]: 1
2024/08/18-03:47:31.689225 7ff1b7c21380 Options.max_bytes_for_level_multiplier_addtl[6]: 1
2024/08/18-03:47:31.689226 7ff1b7c21380       Options.max_sequential_skip_in_iterations: 8
2024/08/18-03:47:31.689226 7ff1b7c21380                    Options.max_compaction_bytes: 1677721600
2024/08/18-03:47:31.689227 7ff1b7c21380                        Options.arena_block_size: 8388608
2024/08/18-03:47:31.689228 7ff1b7c21380   Options.soft_pending_compaction_bytes_limit: 68719476736
2024/08/18-03:47:31.689229 7ff1b7c21380   Options.hard_pending_compaction_bytes_limit: 274877906944
2024/08/18-03:47:31.689230 7ff1b7c21380       Options.rate_limit_delay_max_milliseconds: 100
2024/08/18-03:47:31.689231 7ff1b7c21380                Options.disable_auto_compactions: 0
2024/08/18-03:47:31.689233 7ff1b7c21380                        Options.compaction_style: kCompactionStyleLevel
2024/08/18-03:47:31.689234 7ff1b7c21380                          Options.compaction_pri: kMinOverlappingRatio
2024/08/18-03:47:31.689235 7ff1b7c21380 Options.compaction_options_universal.size_ratio: 1
2024/08/18-03:47:31.689236 7ff1b7c21380 Options.compaction_options_universal.min_merge_width: 2
2024/08/18-03:47:31.689237 7ff1b7c21380 Options.compaction_options_universal.max_merge_width: 4294967295
2024/08/18-03:47:31.689238 7ff1b7c21380 Options.compaction_options_universal.max_size_amplification_percent: 200
2024/08/18-03:47:31.689238 7ff1b7c21380 Options.compaction_options_universal.compression_size_percent: -1
2024/08/18-03:47:31.689240 7ff1b7c21380 Options.compaction_options_universal.stop_style: kCompactionStopStyleTotalSize
2024/08/18-03:47:31.689240 7ff1b7c21380 Options.compaction_options_fifo.max_table_files_size: 1073741824
2024/08/18-03:47:31.689241 7ff1b7c21380 Options.compaction_options_fifo.allow_compaction: 0
2024/08/18-03:47:31.689246 7ff1b7c21380                   Options.table_properties_collectors: 
2024/08/18-03:47:31.689451 7ff1b7c21380                   Options.inplace_update_support: 0
2024/08/18-03:47:31.689454 7ff1b7c21380                 Options.inplace_update_num_locks: 10000
2024/08/18-03:47:31.689455 7ff1b7c21380               Options.memtable_prefix_bloom_size_ratio: 0.000000
2024/08/18-03:47:31.689457 7ff1b7c21380               Options.memtable_whole_key_filtering: 0
2024/08/18-03:47:31.689458 7ff1b7c21380   Options.memtable_huge_page_size: 0
2024/08/18-03:47:31.689459 7ff1b7c21380                           Options.bloom_locality: 0
2024/08/18-03:47:31.689460 7ff1b7c21380                    Options.max_successive_merges: 0
2024/08/18-03:47:31.689461 7ff1b7c21380                Options.optimize_filters_for_hits: 0
2024/08/18-03:47:31.689462 7ff1b7c21380                Options.paranoid_file_checks: 0
2024/08/18-03:47:31.689462 7ff1b7c21380                Options.force_consistency_checks: 1
2024/08/18-03:47:31.689463 7ff1b7c21380                Options.report_bg_io_stats: 0
2024/08/18-03:47:31.689464 7ff1b7c21380                               Options.ttl: 2592000
2024/08/18-03:47:31.689465 7ff1b7c21380          Options.periodic_compaction_seconds: 0
2024/08/18-03:47:31.689466 7ff1b7c21380                    Options.enable_blob_files: false
2024/08/18-03:47:31.689467 7ff1b7c21380                        Options.min_blob_size: 0
2024/08/18-03:47:31.689468 7ff1b7c21380                       Options.blob_file_size: 268435456
2024/08/18-03:47:31.689469 7ff1b7c21380                Options.blob_compression_type: NoCompression
2024/08/18-03:47:31.689470 7ff1b7c21380       Options.enable_blob_garbage_collection: false
2024/08/18-03:47:31.689470 7ff1b7c21380   Options.blob_garbage_collection_age_cutoff: 0.250000
2024/08/18-03:47:31.704245 7ff1b7c21380 [db/version_set.cc:4773] Recovered from manifest file:/var/lib/milvus/rdb_data/MANIFEST-000048 succeeded,manifest_file_number is 48, next_file_number is 53, last_sequence is 78990, log_number is 43,prev_log_number is 0,max_column_family is 0,min_log_number_to_keep is 0
2024/08/18-03:47:31.704258 7ff1b7c21380 [db/version_set.cc:4782] Column family [default] (ID 0), log number is 43
2024/08/18-03:47:31.708583 7ff1b7c21380 [db/version_set.cc:4083] Creating manifest 53
2024/08/18-03:47:31.722835 7ff1b7c21380 EVENT_LOG_v1 {"time_micros": 1723952851722829, "job": 1, "event": "recovery_started", "wal_files": [49]}
2024/08/18-03:47:31.722842 7ff1b7c21380 [db/db_impl/db_impl_open.cc:847] Recovering log #49 mode 2
2024/08/18-03:47:31.782249 7ff1b7c21380 EVENT_LOG_v1 {"time_micros": 1723952851782084, "cf_name": "default", "job": 1, "event": "table_file_creation", "file_number": 54, "file_size": 1024148, "file_checksum": "", "file_checksum_func_name": "Unknown", "table_properties": {"data_size": 1009585, "index_size": 13703, "index_partitions": 0, "top_level_index_size": 0, "index_key_is_user_key": 1, "index_value_is_delta_encoded": 1, "filter_size": 0, "raw_key_size": 1632696, "raw_average_key_size": 52, "raw_value_size": 533766, "raw_average_value_size": 17, "num_data_blocks": 250, "num_entries": 31398, "num_deletions": 0, "num_merge_operands": 0, "num_range_deletions": 0, "format_version": 0, "fixed_key_len": 0, "filter_policy": "", "column_family_name": "default", "column_family_id": 0, "comparator": "leveldb.BytewiseComparator", "merge_operator": "nullptr", "prefix_extractor_name": "nullptr", "property_collectors": "[]", "compression": "NoCompression", "compression_options": "window_bits=-14; level=32767; strategy=0; max_dict_bytes=0; zstd_max_train_bytes=0; enabled=0; ", "creation_time": 1723952851, "oldest_key_time": 0, "file_creation_time": 0, "db_id": "4262830a-31dc-4a6f-978c-11c2271c3b4f", "db_session_id": "1VG15IR9L7NNZAKZZHSA"}}
2024/08/18-03:47:31.782518 7ff1b7c21380 [db/version_set.cc:4083] Creating manifest 55
2024/08/18-03:47:31.803924 7ff1b7c21380 EVENT_LOG_v1 {"time_micros": 1723952851803919, "job": 1, "event": "recovery_finished"}
2024/08/18-03:47:31.809052 7ff1b7c21380 [file/delete_scheduler.cc:73] Deleted file /var/lib/milvus/rdb_data/000049.log immediately, rate_bytes_per_sec 0, total_trash_size 0 max_trash_db_ratio 0.250000
2024/08/18-03:47:31.828386 7ff1b7c21380 [db/db_impl/db_impl_open.cc:1701] SstFileManager instance 0x6509fc0
2024/08/18-03:47:31.829821 7ff1b7c21380 DB pointer 0x65c7340
2024/08/18-03:47:31.829960 7ff15effd700 (Original Log Time 2024/08/18-03:47:31.828459) [db/db_impl/db_impl_compaction_flush.cc:2888] [default] Moving #54 to level-1 1024148 bytes
2024/08/18-03:47:31.830168 7ff15effd700 (Original Log Time 2024/08/18-03:47:31.829934) EVENT_LOG_v1 {"time_micros": 1723952851829930, "job": 3, "event": "trivial_move", "destination_level": 1, "files": 1, "total_files_size": 1024148}
2024/08/18-03:47:31.830175 7ff15effd700 (Original Log Time 2024/08/18-03:47:31.829943) [db/db_impl/db_impl_compaction_flush.cc:2918] [default] Moved #1 files to level-1 1024148 bytes OK: files[3 5 0 0 0 0 0] max score 0.75
2024/08/18-03:47:34.830293 7ff1357fa700 [db/db_impl/db_impl.cc:902] ------- DUMPING STATS -------
2024/08/18-03:47:34.830327 7ff1357fa700 [db/db_impl/db_impl.cc:903] 
** DB Stats **
Uptime(secs): 3.1 total, 3.1 interval
Cumulative writes: 14 writes, 14 keys, 14 commit groups, 0.9 writes per commit group, ingest: 0.00 GB, 0.00 MB/s
Cumulative WAL: 14 writes, 0 syncs, 14.00 writes per sync, written: 0.00 GB, 0.00 MB/s
Cumulative stall: 00:00:0.000 H:M:S, 0.0 percent
Interval writes: 14 writes, 14 keys, 14 commit groups, 0.9 writes per commit group, ingest: 0.00 MB, 0.00 MB/s
Interval WAL: 14 writes, 0 syncs, 14.00 writes per sync, written: 0.00 MB, 0.00 MB/s
Interval stall: 00:00:0.000 H:M:S, 0.0 percent

** Compaction Stats [default] **
Level    Files   Size     Score Read(GB)  Rn(GB) Rnp1(GB) Write(GB) Wnew(GB) Moved(GB) W-Amp Rd(MB/s) Wr(MB/s) Comp(sec) CompMergeCPU(sec) Comp(cnt) Avg(sec) KeyIn KeyDrop
----------------------------------------------------------------------------------------------------------------------------------------------------------------------------
  L0      3/0    2.08 MB   0.8      0.0     0.0      0.0       0.0      0.0       0.0   1.0      0.0     35.7      0.03              0.00         1    0.027       0      0
  L1      5/0    1.35 MB   0.0      0.0     0.0      0.0       0.0      0.0       0.0   0.0      0.0      0.0      0.00              0.00         0    0.000       0      0
 Sum      8/0    3.44 MB   0.0      0.0     0.0      0.0       0.0      0.0       0.0   1.0      0.0     35.7      0.03              0.00         1    0.027       0      0
 Int      0/0    0.00 KB   0.0      0.0     0.0      0.0       0.0      0.0       0.0   1.0      0.0     35.7      0.03              0.00         1    0.027       0      0

** Compaction Stats [default] **
Priority    Files   Size     Score Read(GB)  Rn(GB) Rnp1(GB) Write(GB) Wnew(GB) Moved(GB) W-Amp Rd(MB/s) Wr(MB/s) Comp(sec) CompMergeCPU(sec) Comp(cnt) Avg(sec) KeyIn KeyDrop
-------------------------------------------------------------------------------------------------------------------------------------------------------------------------------
User      0/0    0.00 KB   0.0      0.0     0.0      0.0       0.0      0.0       0.0   0.0      0.0     35.7      0.03              0.00         1    0.027       0      0
Uptime(secs): 3.1 total, 3.1 interval
Flush(GB): cumulative 0.001, interval 0.001
AddFile(GB): cumulative 0.000, interval 0.000
AddFile(Total Files): cumulative 0, interval 0
AddFile(L0 Files): cumulative 0, interval 0
AddFile(Keys): cumulative 0, interval 0
Cumulative compaction: 0.00 GB write, 0.31 MB/s write, 0.00 GB read, 0.00 MB/s read, 0.0 seconds
Interval compaction: 0.00 GB write, 0.31 MB/s write, 0.00 GB read, 0.00 MB/s read, 0.0 seconds
Stalls(count): 0 level0_slowdown, 0 level0_slowdown_with_compaction, 0 level0_numfiles, 0 level0_numfiles_with_compaction, 0 stop for pending_compaction_bytes, 0 slowdown for pending_compaction_bytes, 0 memtable_compaction, 0 memtable_slowdown, interval 0 total count

** File Read Latency Histogram By Level [default] **

** Compaction Stats [default] **
Level    Files   Size     Score Read(GB)  Rn(GB) Rnp1(GB) Write(GB) Wnew(GB) Moved(GB) W-Amp Rd(MB/s) Wr(MB/s) Comp(sec) CompMergeCPU(sec) Comp(cnt) Avg(sec) KeyIn KeyDrop
----------------------------------------------------------------------------------------------------------------------------------------------------------------------------
  L0      3/0    2.08 MB   0.8      0.0     0.0      0.0       0.0      0.0       0.0   1.0      0.0     35.7      0.03              0.00         1    0.027       0      0
  L1      5/0    1.35 MB   0.0      0.0     0.0      0.0       0.0      0.0       0.0   0.0      0.0      0.0      0.00              0.00         0    0.000       0      0
 Sum      8/0    3.44 MB   0.0      0.0     0.0      0.0       0.0      0.0       0.0   1.0      0.0     35.7      0.03              0.00         1    0.027       0      0
 Int      0/0    0.00 KB   0.0      0.0     0.0      0.0       0.0      0.0       0.0   0.0      0.0      0.0      0.00              0.00         0    0.000       0      0

** Compaction Stats [default] **
Priority    Files   Size     Score Read(GB)  Rn(GB) Rnp1(GB) Write(GB) Wnew(GB) Moved(GB) W-Amp Rd(MB/s) Wr(MB/s) Comp(sec) CompMergeCPU(sec) Comp(cnt) Avg(sec) KeyIn KeyDrop
-------------------------------------------------------------------------------------------------------------------------------------------------------------------------------
User      0/0    0.00 KB   0.0      0.0     0.0      0.0       0.0      0.0       0.0   0.0      0.0     35.7      0.03              0.00         1    0.027       0      0
Uptime(secs): 3.1 total, 0.0 interval
Flush(GB): cumulative 0.001, interval 0.000
AddFile(GB): cumulative 0.000, interval 0.000
AddFile(Total Files): cumulative 0, interval 0
AddFile(L0 Files): cumulative 0, interval 0
AddFile(Keys): cumulative 0, interval 0
Cumulative compaction: 0.00 GB write, 0.31 MB/s write, 0.00 GB read, 0.00 MB/s read, 0.0 seconds
Interval compaction: 0.00 GB write, 0.00 MB/s write, 0.00 GB read, 0.00 MB/s read, 0.0 seconds
Stalls(count): 0 level0_slowdown, 0 level0_slowdown_with_compaction, 0 level0_numfiles, 0 level0_numfiles_with_compaction, 0 stop for pending_compaction_bytes, 0 slowdown for pending_compaction_bytes, 0 memtable_compaction, 0 memtable_slowdown, interval 0 total count

** File Read Latency Histogram By Level [default] **
2024/08/18-03:47:35.838120 7ff17affd700 [db/db_impl/db_impl.cc:447] Shutdown: canceling all background work
2024/08/18-03:47:35.846078 7ff17affd700 [db/db_impl/db_impl.cc:625] Shutdown complete
